0.000000 0.000000 5.370616 0.000000 0.000000 28.000000 -0.198729 -0.014474 0.340785 -0.196783 0.004492 0.315184 -0.001947 -0.018966 0.025601 
-9.647639 0.000000 8.860607 0.000000 0.000000 28.000000 -0.211587 -0.032400 0.311266 -0.200564 -0.014662 0.286131 -0.011023 -0.017738 0.025136 
-20.194091 0.000000 1.483193 0.000000 0.000000 28.000000 -0.226397 -0.007285 0.271535 -0.213911 0.008606 0.248454 -0.012487 -0.015891 0.023082 
-29.354901 0.000000 -12.943563 0.000000 0.000000 28.000000 -0.227553 0.039340 0.236639 -0.216167 0.056033 0.213290 -0.011386 -0.016693 0.023349 
-29.354901 0.000000 -9.747957 0.000000 0.000000 28.000000 -0.228316 0.035606 0.233828 -0.217325 0.053302 0.209944 -0.010991 -0.017696 0.023884 
-29.354901 0.000000 -5.101178 0.000000 0.000000 28.000000 -0.230303 0.020262 0.232671 -0.218230 0.037279 0.208007 -0.012073 -0.017017 0.024665 
-29.354901 0.000000 -0.221029 0.000000 0.000000 28.000000 -0.231205 0.004236 0.232161 -0.218053 0.021526 0.208688 -0.013152 -0.017290 0.023473 
-29.354901 0.000000 4.336457 0.000000 0.000000 28.000000 -0.230975 -0.010872 0.232290 -0.216965 0.006847 0.209671 -0.014010 -0.017718 0.022619 
-29.354901 0.000000 19.323551 0.000000 0.000000 28.000000 -0.222889 -0.059656 0.236838 -0.210529 -0.036959 0.217927 -0.012360 -0.022697 0.018911 
-29.354901 0.000000 13.003364 0.000000 0.000000 28.000000 -0.226283 -0.046221 0.234929 -0.215832 -0.020686 0.221833 -0.010451 -0.025535 0.013096 
-29.354901 0.000000 6.493163 0.000000 0.000000 28.000000 -0.229815 -0.024955 0.232942 -0.218611 -0.000811 0.218024 -0.011204 -0.024145 0.014918 
-29.354901 0.000000 -2.827777 0.000000 0.000000 28.000000 -0.231163 0.006011 0.232184 -0.220249 0.029853 0.216831 -0.010914 -0.023842 0.015353 
-29.354901 0.000000 -10.630520 0.000000 0.000000 28.000000 -0.228921 0.031758 0.233446 -0.217950 0.055165 0.216394 -0.010971 -0.023407 0.017052 
-29.354901 0.000000 -17.030297 0.000000 0.000000 28.000000 -0.224807 0.052515 0.235760 -0.214820 0.075796 0.217969 -0.009987 -0.023281 0.017791 
-29.354901 0.000000 -29.722991 0.000000 0.000000 28.000000 -0.210854 0.091434 0.243609 -0.207281 0.113437 0.226317 -0.003573 -0.022003 0.017292 
-29.354901 0.000000 -33.560055 0.000000 0.000000 28.000000 -0.205177 0.102436 0.246802 -0.206364 0.121764 0.228002 0.001187 -0.019328 0.018800 
-29.354901 0.000000 -42.871999 0.000000 0.000000 28.000000 -0.188915 0.127015 0.255950 -0.201863 0.140449 0.236367 0.012948 -0.013434 0.019584 
-29.354901 0.000000 -48.178565 0.000000 0.000000 28.000000 -0.178133 0.139601 0.262015 -0.188087 0.166222 0.256175 0.009954 -0.026621 0.005841 
-29.354901 0.000000 -39.686144 0.000000 0.000000 28.000000 -0.191073 0.124196 0.254736 -0.194710 0.151238 0.250234 0.003637 -0.027042 0.004502 
-29.354901 0.000000 -47.037822 0.000000 0.000000 28.000000 -0.180583 0.136938 0.260636 -0.189851 0.162416 0.254909 0.009267 -0.025478 0.005727 
-29.354901 0.000000 -39.267322 0.000000 0.000000 28.000000 -0.195689 0.117762 0.252139 -0.196542 0.150969 0.245773 0.000853 -0.033206 0.006366 
-29.354901 0.000000 -49.947068 0.000000 0.000000 28.000000 -0.174391 0.143460 0.264119 -0.187130 0.165314 0.244192 0.012739 -0.021854 0.019928 
-36.559224 0.000000 -38.707029 0.000000 0.000000 27.000000 -0.198255 0.124998 0.229984 -0.201965 0.153734 0.217917 0.003710 -0.028736 0.012067 
-36.559224 0.000000 -38.707029 0.000000 0.000000 27.000000 -0.199938 0.122499 0.226748 -0.202843 0.153433 0.216786 0.002906 -0.030934 0.009962 
-36.559224 0.000000 -38.707029 0.000000 0.000000 27.000000 -0.200015 0.122381 0.226595 -0.202901 0.153413 0.216731 0.002886 -0.031032 0.009864 
-36.559224 0.000000 -38.707029 0.000000 0.000000 27.000000 -0.200023 0.122368 0.226579 -0.202901 0.153413 0.216730 0.002878 -0.031045 0.009849 
-36.559224 0.000000 -38.707029 0.000000 0.000000 27.000000 -0.200026 0.122362 0.226571 -0.202901 0.153413 0.216729 0.002874 -0.031051 0.009842 
-36.559224 0.000000 -38.707029 0.000000 0.000000 27.000000 -0.200028 0.122360 0.226569 -0.202901 0.153414 0.216728 0.002873 -0.031054 0.009840 
-36.559224 0.000000 -38.707029 0.000000 0.000000 27.000000 -0.200030 0.122357 0.226565 -0.202901 0.153414 0.216728 0.002871 -0.031057 0.009837 
-36.559224 0.000000 -38.707029 0.000000 0.000000 27.000000 -0.200031 0.122356 0.226563 -0.202901 0.153414 0.216727 0.002870 -0.031058 0.009835 
-36.559224 0.000000 -38.707029 0.000000 0.000000 27.000000 -0.200031 0.122355 0.226563 -0.202901 0.153414 0.216727 0.002870 -0.031059 0.009836 
-36.559224 0.000000 -38.707029 0.000000 0.000000 27.000000 -0.200034 0.122351 0.226558 -0.202901 0.153414 0.216726 0.002868 -0.031063 0.009832 
-36.559224 0.000000 -38.707029 0.000000 0.000000 27.000000 -0.200034 0.122350 0.226556 -0.202901 0.153414 0.216725 0.002867 -0.031064 0.009831 
-36.559224 0.000000 -38.707029 0.000000 0.000000 27.000000 -0.200035 0.122349 0.226553 -0.202901 0.153415 0.216724 0.002866 -0.031066 0.009829 
-36.559224 0.000000 -38.707029 0.000000 0.000000 27.000000 -0.200036 0.122347 0.226551 -0.202901 0.153415 0.216724 0.002865 -0.031068 0.009827 
-36.559224 0.000000 -43.219933 0.000000 0.000000 27.000000 -0.193837 0.131398 0.231139 -0.199782 0.158969 0.217083 0.005946 -0.027571 0.014057 
-36.559224 0.000000 -37.432795 0.000000 0.000000 27.000000 -0.200492 0.121636 0.226202 -0.203065 0.153815 0.216392 0.002573 -0.032179 0.009809 
-36.559224 0.000000 -47.946398 0.000000 0.000000 27.000000 -0.184766 0.142867 0.237865 -0.193723 0.167613 0.220269 0.008957 -0.024747 0.017596 
-31.444696 0.000000 -47.946398 0.000000 0.000000 27.000000 -0.181250 0.145229 0.251831 -0.190366 0.169907 0.233146 0.009116 -0.024677 0.018685 
-18.871119 0.000000 -47.946398 0.000000 0.000000 27.000000 -0.171266 0.145256 0.289005 -0.180553 0.170104 0.270618 0.009287 -0.024848 0.018388 
-7.992355 0.000000 -47.946398 0.000000 0.000000 27.000000 -0.156361 0.145257 0.318617 -0.166622 0.170115 0.299848 0.010261 -0.024858 0.018768 
2.681145 0.000000 -47.946398 0.000000 0.000000 27.000000 -0.136472 0.145258 0.344550 -0.147732 0.168853 0.325459 0.011260 -0.023595 0.019091 
6.802911 0.000000 -47.946398 0.000000 0.000000 27.000000 -0.127518 0.145258 0.353537 -0.138729 0.168267 0.333212 0.011211 -0.023009 0.020325 
16.045431 0.000000 -47.946398 0.000000 0.000000 27.000000 -0.105375 0.145258 0.371090 -0.112161 0.171143 0.352086 0.006786 -0.025885 0.019004 
19.884308 0.000000 -47.946398 0.000000 0.000000 27.000000 -0.095390 0.145258 0.377298 -0.103113 0.172845 0.355439 0.007723 -0.027587 0.021859 
28.421354 0.000000 -47.946398 0.000000 0.000000 27.000000 -0.071843 0.145258 0.388617 -0.077580 0.174045 0.357487 0.005737 -0.028787 0.031130 
28.421354 0.000000 -47.946398 0.000000 0.000000 27.000000 -0.069249 0.145259 0.389611 -0.075790 0.174424 0.357357 0.006541 -0.029166 0.032254 
28.421354 0.000000 -47.946398 0.000000 0.000000 27.000000 -0.069097 0.145259 0.389667 -0.075648 0.174462 0.357342 0.006551 -0.029203 0.032325 
28.421354 0.000000 -47.946398 0.000000 0.000000 27.000000 -0.069054 0.145259 0.389684 -0.075648 0.174462 0.357341 0.006594 -0.029204 0.032342 
28.421354 0.000000 -47.946398 0.000000 0.000000 27.000000 -0.069044 0.145259 0.389687 -0.075648 0.174463 0.357341 0.006604 -0.029204 0.032346 
28.421354 0.000000 -47.946398 0.000000 0.000000 27.000000 -0.069036 0.145259 0.389690 -0.075649 0.174463 0.357341 0.006612 -0.029204 0.032349 
28.421354 0.000000 -47.946398 0.000000 0.000000 27.000000 -0.069025 0.145259 0.389694 -0.075649 0.174463 0.357340 0.006624 -0.029205 0.032354 
28.421354 0.000000 -47.946398 0.000000 0.000000 27.000000 -0.069019 0.145259 0.389696 -0.075649 0.174464 0.357340 0.006630 -0.029205 0.032356 
28.421354 0.000000 -47.946398 0.000000 0.000000 27.000000 -0.069014 0.145259 0.389698 -0.075650 0.174464 0.357340 0.006636 -0.029205 0.032358 
28.421354 0.000000 -47.946398 0.000000 0.000000 27.000000 -0.069009 0.145259 0.389700 -0.075650 0.174464 0.357340 0.006641 -0.029206 0.032361 
28.421354 0.000000 -47.946398 0.000000 0.000000 27.000000 -0.069005 0.145259 0.389702 -0.075650 0.174465 0.357339 0.006645 -0.029206 0.032362 
28.421354 0.000000 -47.946398 0.000000 0.000000 27.000000 -0.069001 0.145259 0.389703 -0.075651 0.174465 0.357339 0.006649 -0.029206 0.032364 
28.421354 0.000000 -47.946398 0.000000 0.000000 27.000000 -0.068998 0.145259 0.389704 -0.075651 0.174465 0.357339 0.006653 -0.029207 0.032366 
-10.061086 0.000000 -52.717162 0.000000 0.000000 37.000000 -0.123957 0.122123 0.321997 -0.140823 0.156620 0.323457 0.016867 -0.034497 -0.001460 
-15.607232 0.000000 -47.300201 0.000000 0.000000 43.000000 -0.133280 0.101401 0.310169 -0.165944 0.100968 0.305356 0.032664 0.000433 0.004813 
-15.607232 0.000000 -53.765535 0.000000 0.000000 43.000000 -0.121673 0.111689 0.313412 -0.150895 0.129910 0.320298 0.029221 -0.018222 -0.006885 
-35.372672 0.000000 -44.435658 0.000000 0.000000 33.000000 -0.171599 0.120324 0.252758 -0.192144 0.150237 0.256635 0.020545 -0.029913 -0.003877 
-35.372672 0.000000 -48.890763 0.000000 0.000000 33.000000 -0.167793 0.125212 0.253381 -0.193924 0.151237 0.252042 0.026131 -0.026025 0.001339 
-35.372672 0.000000 -47.378511 0.000000 0.000000 33.000000 -0.170496 0.122136 0.251448 -0.193089 0.150355 0.254432 0.022594 -0.028218 -0.002984 
-35.372672 0.000000 -47.378511 0.000000 0.000000 33.000000 -0.168936 0.123933 0.252555 -0.192287 0.150940 0.255952 0.023351 -0.027006 -0.003396 
-35.372672 0.000000 -47.378511 0.000000 0.000000 33.000000 -0.168788 0.124101 0.252661 -0.194644 0.150016 0.250956 0.025856 -0.025915 0.001705 
-35.372672 0.000000 -47.378511 0.000000 0.000000 33.000000 -0.168706 0.124195 0.252719 -0.194648 0.149934 0.250988 0.025943 -0.025740 0.001731 
-35.372672 0.000000 -47.378511 0.000000 0.000000 33.000000 -0.168705 0.124195 0.252719 -0.194648 0.149934 0.250988 0.025943 -0.025738 0.001731 
-35.372672 0.000000 -47.378511 0.000000 0.000000 33.000000 -0.168705 0.124196 0.252720 -0.194648 0.149933 0.250987 0.025943 -0.025737 0.001732 
-35.372672 0.000000 -47.378511 0.000000 0.000000 33.000000 -0.168704 0.124197 0.252720 -0.194648 0.149933 0.250987 0.025945 -0.025736 0.001733 
-35.372672 0.000000 -47.378511 0.000000 0.000000 33.000000 -0.168703 0.124198 0.252721 -0.194648 0.149933 0.250986 0.025945 -0.025735 0.001734 
-35.372672 0.000000 -47.378511 0.000000 0.000000 33.000000 -0.168703 0.124198 0.252721 -0.194649 0.149932 0.250986 0.025946 -0.025734 0.001735 
-35.372672 0.000000 -47.378511 0.000000 0.000000 35.000000 -0.166663 0.121483 0.254170 -0.194828 0.146217 0.252392 0.028165 -0.024734 0.001778 
-35.372672 0.000000 -47.378511 0.000000 0.000000 35.000000 -0.164955 0.119207 0.255383 -0.194228 0.143918 0.254824 0.029273 -0.024710 0.000559 
-35.372672 0.000000 -47.378511 0.000000 0.000000 35.000000 -0.164871 0.119096 0.255442 -0.194836 0.137032 0.256192 0.029965 -0.017936 -0.000750 
-35.372672 0.000000 -47.378511 0.000000 0.000000 35.000000 -0.164867 0.119093 0.255445 -0.190263 0.109186 0.237981 0.025396 0.009907 0.017464 
-35.372672 0.000000 -47.378511 0.000000 0.000000 35.000000 -0.164867 0.119084 0.255447 -0.190208 0.109226 0.237997 0.025341 0.009858 0.017450 
-35.372672 0.000000 -47.378511 0.000000 0.000000 35.000000 -0.164867 0.119084 0.255447 -0.190209 0.109225 0.237994 0.025342 0.009859 0.017453 
-35.372672 0.000000 -47.378511 0.000000 0.000000 35.000000 -0.164867 0.119084 0.255447 -0.190176 0.109231 0.237907 0.025309 0.009854 0.017541 
-35.372672 0.000000 -47.378511 0.000000 0.000000 35.000000 -0.164867 0.119085 0.255447 -0.190145 0.109242 0.237831 0.025278 0.009843 0.017616 
-35.372672 0.000000 -47.378511 0.000000 0.000000 35.000000 -0.164867 0.119084 0.255447 -0.190144 0.109242 0.237829 0.025277 0.009842 0.017618 
-35.372672 0.000000 -47.378511 0.000000 0.000000 35.000000 -0.164866 0.119084 0.255447 -0.190145 0.109242 0.237829 0.025278 0.009843 0.017619 
-35.372672 0.000000 -47.378511 0.000000 0.000000 35.000000 -0.164867 0.119085 0.255447 -0.190145 0.109242 0.237828 0.025278 0.009843 0.017618 
-35.372672 0.000000 -47.378511 0.000000 0.000000 35.000000 -0.164867 0.119084 0.255447 -0.190145 0.109241 0.237828 0.025279 0.009843 0.017619 
-35.372672 0.000000 -47.378511 0.000000 0.000000 35.000000 -0.164867 0.119084 0.255447 -0.190145 0.109241 0.237828 0.025278 0.009842 0.017620 
-39.802007 0.000000 -47.378511 0.000000 0.000000 35.000000 -0.166388 0.119084 0.246012 -0.191450 0.109228 0.229159 0.025062 0.009856 0.016853 
-39.802007 0.000000 -52.414305 0.000000 0.000000 35.000000 -0.160087 0.126484 0.248804 -0.189953 0.117118 0.233191 0.029866 0.009366 0.015613 
-26.768762 0.000000 -45.716426 0.000000 0.000000 38.000000 -0.156031 0.110330 0.277711 -0.181682 0.100028 0.260706 0.025650 0.010302 0.017005 
-21.116650 0.000000 -40.340179 0.000000 0.000000 38.000000 -0.158569 0.100813 0.288662 -0.182571 0.091543 0.269469 0.024002 0.009270 0.019193 
-10.767346 0.000000 -36.023387 0.000000 0.000000 38.000000 -0.152653 0.090741 0.313097 -0.177621 0.083093 0.293583 0.024968 0.007648 0.019513 
0.327917 0.000000 -23.636240 0.000000 0.000000 38.000000 -0.148851 0.063789 0.339281 -0.173165 0.061573 0.318336 0.024314 0.002216 0.020944 
11.961459 0.000000 -18.232011 0.000000 0.000000 38.000000 -0.128998 0.049026 0.366275 -0.154633 0.050257 0.345982 0.025635 -0.001231 0.020292 
14.003759 0.000000 -11.444115 0.000000 0.000000 38.000000 -0.123462 0.030318 0.375901 -0.131490 0.039063 0.344635 0.008028 -0.008745 0.031265 
4.609608 0.000000 -11.444115 0.000000 0.000000 38.000000 -0.146457 0.030303 0.355050 -0.152352 0.040011 0.326046 0.005895 -0.009708 0.029004 
-5.055165 0.000000 -11.444115 0.000000 0.000000 38.000000 -0.166236 0.030303 0.329993 -0.171432 0.042365 0.301849 0.005196 -0.012062 0.028143 
-12.617741 0.000000 -11.444115 0.000000 0.000000 38.000000 -0.178630 0.030304 0.308248 -0.183328 0.042829 0.280150 0.004698 -0.012525 0.028098 
-19.282637 0.000000 -11.444115 0.000000 0.000000 38.000000 -0.187103 0.030305 0.287866 -0.191661 0.044305 0.260432 0.004558 -0.013999 0.027434 
-25.407976 0.000000 -11.444115 0.000000 0.000000 38.000000 -0.192771 0.030305 0.268311 -0.194727 0.048887 0.243329 0.001956 -0.018582 0.024982 
-35.035772 0.000000 -11.444115 0.000000 0.000000 38.000000 -0.197359 0.030306 0.236809 -0.199647 0.046733 0.213892 0.002287 -0.016427 0.022918 
-35.035772 0.000000 -11.444115 0.000000 0.000000 38.000000 -0.197528 0.030305 0.233526 -0.200151 0.046523 0.210849 0.002623 -0.016218 0.022676 
-35.035772 0.000000 -11.444115 0.000000 0.000000 38.000000 -0.197533 0.030306 0.233390 -0.200151 0.046523 0.210848 0.002618 -0.016217 0.022542 
-35.035772 0.000000 -11.444115 0.000000 0.000000 38.000000 -0.197533 0.030306 0.233384 -0.200151 0.046523 0.210847 0.002618 -0.016217 0.022536 
-35.035772 0.000000 -11.444115 0.000000 0.000000 38.000000 -0.197533 0.030306 0.233378 -0.200151 0.046523 0.210846 0.002618 -0.016217 0.022532 
-35.035772 0.000000 -11.444115 0.000000 0.000000 38.000000 -0.197534 0.030305 0.233371 -0.200151 0.046522 0.210845 0.002617 -0.016217 0.022525 
-35.035772 0.000000 -11.444115 0.000000 0.000000 38.000000 -0.197534 0.030305 0.233366 -0.200151 0.046522 0.210844 0.002617 -0.016217 0.022522 
-35.035772 0.000000 -11.444115 0.000000 0.000000 38.000000 -0.197534 0.030306 0.233361 -0.200157 0.046496 0.210769 0.002622 -0.016190 0.022592 
-35.035772 0.000000 -11.444115 0.000000 0.000000 38.000000 -0.197534 0.030305 0.233357 -0.200163 0.046460 0.210669 0.002629 -0.016155 0.022688 
-35.035772 0.000000 -11.444115 0.000000 0.000000 38.000000 -0.197535 0.030305 0.233353 -0.200163 0.046460 0.210668 0.002629 -0.016155 0.022685 
-35.035772 0.000000 -11.444115 0.000000 0.000000 38.000000 -0.197534 0.030306 0.233351 -0.200163 0.046460 0.210667 0.002629 -0.016154 0.022684 
-35.035772 0.000000 -11.444115 0.000000 0.000000 38.000000 -0.197535 0.030306 0.233349 -0.200163 0.046459 0.210666 0.002629 -0.016154 0.022682 
-35.035772 0.000000 -11.444115 0.000000 0.000000 38.000000 -0.197535 0.030306 0.233347 -0.200164 0.046459 0.210665 0.002629 -0.016153 0.022682 
-39.921443 0.000000 -2.402583 0.000000 0.000000 38.000000 -0.199738 0.009173 0.217258 -0.195827 0.028498 0.192506 -0.003911 -0.019326 0.024752 
-39.921443 0.000000 -2.402583 0.000000 0.000000 38.000000 -0.199757 0.006537 0.215381 -0.194874 0.024703 0.189803 -0.004883 -0.018166 0.025578 
-39.921443 0.000000 -2.402583 0.000000 0.000000 38.000000 -0.199756 0.006449 0.215319 -0.194874 0.024702 0.189801 -0.004883 -0.018253 0.025518 
-39.921443 0.000000 -2.402583 0.000000 0.000000 38.000000 -0.199756 0.006443 0.215315 -0.194688 0.024305 0.189587 -0.005069 -0.017862 0.025728 
-39.921443 0.000000 -2.402583 0.000000 0.000000 38.000000 -0.199756 0.006435 0.215309 -0.194686 0.024299 0.189580 -0.005070 -0.017864 0.025729 
-39.921443 0.000000 -2.402583 0.000000 0.000000 38.000000 -0.199756 0.006433 0.215307 -0.194686 0.024300 0.189580 -0.005070 -0.017867 0.025728 
-39.921443 0.000000 -2.402583 0.000000 0.000000 38.000000 -0.199756 0.006430 0.215306 -0.194687 0.024302 0.189579 -0.005069 -0.017871 0.025727 
-39.921443 0.000000 -2.402583 0.000000 0.000000 38.000000 -0.199756 0.006427 0.215304 -0.194687 0.024302 0.189579 -0.005069 -0.017876 0.025725 
-39.921443 0.000000 -2.402583 0.000000 0.000000 38.000000 -0.199756 0.006424 0.215301 -0.194688 0.024303 0.189578 -0.005068 -0.017879 0.025723 
-39.921443 0.000000 -2.402583 0.000000 0.000000 38.000000 -0.199756 0.006421 0.215300 -0.194688 0.024303 0.189578 -0.005068 -0.017882 0.025722 
-39.921443 0.000000 -2.402583 0.000000 0.000000 38.000000 -0.199756 0.006421 0.215299 -0.194688 0.024303 0.189577 -0.005068 -0.017882 0.025722 
-39.921443 0.000000 -2.402583 0.000000 0.000000 38.000000 -0.199756 0.006419 0.215297 -0.194688 0.024303 0.189576 -0.005068 -0.017885 0.025721 
-26.445186 0.000000 -2.402583 0.000000 0.000000 38.000000 -0.197386 0.006402 0.256966 -0.194054 0.020130 0.227507 -0.003331 -0.013728 0.029458 
-18.495395 0.000000 -2.402583 0.000000 0.000000 38.000000 -0.191221 0.006400 0.282766 -0.190034 0.019658 0.252988 -0.001187 -0.013258 0.029778 
-8.332607 0.000000 -2.402583 0.000000 0.000000 38.000000 -0.178198 0.006400 0.314233 -0.179568 0.019277 0.284366 0.001370 -0.012877 0.029868 
1.130071 0.000000 -2.402583 0.000000 0.000000 38.000000 -0.161237 0.006400 0.341061 -0.165186 0.019546 0.311369 0.003950 -0.013146 0.029692 
10.347879 0.000000 -15.393892 0.000000 0.000000 27.000000 -0.176367 0.048518 0.370981 -0.176511 0.054329 0.339218 0.000143 -0.005812 0.031763 
19.528468 0.000000 -19.745668 0.000000 0.000000 27.000000 -0.147375 0.064462 0.393668 -0.145390 0.069228 0.360674 -0.001984 -0.004765 0.032995 
15.633971 0.000000 -28.869856 0.000000 0.000000 27.000000 -0.139853 0.094436 0.385308 -0.145683 0.093733 0.353976 0.005830 0.000703 0.031332 
4.982095 0.000000 -28.869856 0.000000 0.000000 27.000000 -0.167112 0.094448 0.358190 -0.170446 0.092837 0.327395 0.003334 0.001611 0.030795 
0.254311 0.000000 -28.869856 0.000000 0.000000 27.000000 -0.177529 0.094448 0.344600 -0.180378 0.092920 0.313626 0.002849 0.001528 0.030974 
-5.710080 0.000000 -28.869856 0.000000 0.000000 27.000000 -0.189022 0.094448 0.326296 -0.191411 0.092802 0.295243 0.002389 0.001646 0.031053 
-8.919559 0.000000 -28.869856 0.000000 0.000000 27.000000 -0.194379 0.094449 0.316016 -0.196649 0.093740 0.284984 0.002270 0.000709 0.031033 
-18.804213 0.000000 -28.869856 0.000000 0.000000 27.000000 -0.207187 0.094448 0.282642 -0.208798 0.094205 0.251489 0.001611 0.000243 0.031154 
-28.796400 0.000000 -28.869856 0.000000 0.000000 27.000000 -0.214112 0.094450 0.247186 -0.215716 0.091258 0.216349 0.001603 0.003192 0.030838 
-37.524737 0.000000 -28.869856 0.000000 0.000000 27.000000 -0.215043 0.094450 0.215597 -0.216457 0.089969 0.184863 0.001414 0.004481 0.030734 
-37.524737 0.000000 -28.869856 0.000000 0.000000 27.000000 -0.214851 0.094449 0.212158 -0.216720 0.089942 0.181411 0.001869 0.004507 0.030747 
-37.524737 0.000000 -28.869856 0.000000 0.000000 27.000000 -0.214841 0.094450 0.212015 -0.216612 0.089903 0.181150 0.001771 0.004546 0.030865 
-37.524737 0.000000 -28.869856 0.000000 0.000000 27.000000 -0.214840 0.094450 0.211996 -0.216539 0.089863 0.181036 0.001699 0.004587 0.030960 
-37.524737 0.000000 -28.869856 0.000000 0.000000 27.000000 -0.214839 0.094449 0.211979 -0.216496 0.089825 0.180964 0.001657 0.004624 0.031015 
-37.524737 0.000000 -28.869856 0.000000 0.000000 27.000000 -0.214838 0.094450 0.211976 -0.216495 0.089824 0.180963 0.001657 0.004625 0.031013 
-37.524737 0.000000 -28.869856 0.000000 0.000000 27.000000 -0.214839 0.094449 0.211973 -0.216495 0.089824 0.180963 0.001657 0.004625 0.031011 
-37.524737 0.000000 -28.869856 0.000000 0.000000 27.000000 -0.214838 0.094450 0.211971 -0.216495 0.089824 0.180962 0.001657 0.004626 0.031008 
-37.524737 0.000000 -14.307799 0.000000 0.000000 27.000000 -0.228596 0.051719 0.201362 -0.225298 0.054522 0.170050 -0.003299 -0.002803 0.031312 
-37.524737 0.000000 -17.325813 0.000000 0.000000 27.000000 -0.227886 0.054876 0.201905 -0.225761 0.059092 0.169752 -0.002125 -0.004215 0.032153 
-37.524737 0.000000 -22.854111 0.000000 0.000000 27.000000 -0.223027 0.072629 0.205638 -0.221602 0.074747 0.173355 -0.001425 -0.002119 0.032283 
-37.524737 0.000000 -36.239313 0.000000 0.000000 27.000000 -0.205697 0.112852 0.218950 -0.213431 0.108726 0.187708 0.007734 0.004125 0.031242 
-37.524737 0.000000 -43.721983 0.000000 0.000000 27.000000 -0.193032 0.132606 0.228678 -0.207314 0.126555 0.199895 0.014282 0.006050 0.028783 
-37.524737 0.000000 -54.480226 0.000000 0.000000 27.000000 -0.171379 0.157136 0.245310 -0.194234 0.151262 0.222196 0.022855 0.005875 0.023114 
-37.524737 0.000000 -54.480226 0.000000 0.000000 27.000000 -0.169254 0.159091 0.246943 -0.192553 0.152914 0.224686 0.023300 0.006177 0.022257 
-37.524737 0.000000 -54.480226 0.000000 0.000000 27.000000 -0.169154 0.159181 0.247020 -0.192508 0.152950 0.224742 0.023354 0.006232 0.022278 
-37.524737 0.000000 -54.480226 0.000000 0.000000 27.000000 -0.169146 0.159188 0.247025 -0.192508 0.152949 0.224741 0.023362 0.006239 0.022284 
-37.524737 0.000000 -54.480226 0.000000 0.000000 27.000000 -0.169142 0.159192 0.247029 -0.192509 0.152949 0.224740 0.023367 0.006243 0.022288 
-37.524737 0.000000 -54.480226 0.000000 0.000000 27.000000 -0.169138 0.159195 0.247031 -0.192509 0.152949 0.224739 0.023370 0.006246 0.022292 
-37.524737 0.000000 -54.480226 0.000000 0.000000 27.000000 -0.169135 0.159198 0.247034 -0.192509 0.152949 0.224739 0.023374 0.006249 0.022295 
-37.524737 0.000000 -54.480226 0.000000 0.000000 27.000000 -0.169133 0.159200 0.247036 -0.192509 0.152949 0.224738 0.023377 0.006252 0.022298 
-37.524737 0.000000 -54.480226 0.000000 0.000000 27.000000 -0.169131 0.159202 0.247038 -0.192510 0.152948 0.224737 0.023379 0.006253 0.022300 
-37.524737 0.000000 -54.480226 0.000000 0.000000 27.000000 -0.169129 0.159204 0.247039 -0.192510 0.152948 0.224736 0.023382 0.006256 0.022303 
-37.524737 0.000000 -54.480226 0.000000 0.000000 27.000000 -0.169125 0.159207 0.247041 -0.192511 0.152948 0.224735 0.023385 0.006259 0.022306 
-37.524737 0.000000 -54.480226 0.000000 0.000000 27.000000 -0.169124 0.159208 0.247043 -0.192511 0.152948 0.224735 0.023387 0.006261 0.022308 
-37.524737 0.000000 -54.480226 0.000000 0.000000 27.000000 -0.169117 0.159214 0.247048 -0.192513 0.152946 0.224729 0.023396 0.006268 0.022318 
-37.524737 0.000000 -54.480226 0.000000 0.000000 27.000000 -0.169116 0.159215 0.247049 -0.192514 0.152946 0.224729 0.023397 0.006269 0.022320 
-37.524737 0.000000 -54.480226 0.000000 0.000000 27.000000 -0.169116 0.159215 0.247049 -0.192514 0.152946 0.224728 0.023398 0.006269 0.022321 
-37.524737 0.000000 -54.480226 0.000000 0.000000 27.000000 -0.169116 0.159216 0.247049 -0.192514 0.152946 0.224727 0.023399 0.006270 0.022322 
-37.524737 0.000000 -54.480226 0.000000 0.000000 27.000000 -0.169115 0.159216 0.247050 -0.192515 0.152946 0.224726 0.023400 0.006271 0.022323 
-37.524737 0.000000 -54.480226 0.000000 0.000000 27.000000 -0.169114 0.159217 0.247050 -0.192515 0.152945 0.224726 0.023401 0.006272 0.022324 
-37.524737 0.000000 -54.480226 0.000000 0.000000 27.000000 -0.169114 0.159217 0.247050 -0.192515 0.152945 0.224725 0.023402 0.006272 0.022325 
-37.524737 0.000000 -54.480226 0.000000 0.000000 27.000000 -0.169113 0.159218 0.247050 -0.192516 0.152945 0.224724 0.023402 0.006273 0.022326 
-37.524737 0.000000 -54.480226 0.000000 0.000000 27.000000 -0.169113 0.159218 0.247051 -0.192516 0.152945 0.224724 0.023403 0.006273 0.022327 
-37.524737 0.000000 -54.480226 0.000000 0.000000 27.000000 -0.169113 0.159218 0.247051 -0.192516 0.152945 0.224723 0.023403 0.006274 0.022328 
-37.524737 0.000000 -54.480226 0.000000 0.000000 27.000000 -0.169113 0.159218 0.247051 -0.192517 0.152944 0.224722 0.023404 0.006274 0.022329 
-37.524737 0.000000 -54.480226 0.000000 0.000000 27.000000 -0.169113 0.159218 0.247051 -0.192517 0.152944 0.224721 0.023404 0.006274 0.022329 
-37.524737 0.000000 -54.480226 0.000000 0.000000 27.000000 -0.169113 0.159219 0.247051 -0.192517 0.152944 0.224721 0.023405 0.006275 0.022330 
-30.248141 0.000000 -54.480226 0.000000 0.000000 27.000000 -0.165769 0.159219 0.264535 -0.189145 0.153580 0.242123 0.023375 0.005638 0.022412 
-26.820144 0.000000 -54.480226 0.000000 0.000000 27.000000 -0.163164 0.159219 0.273838 -0.186901 0.153833 0.251808 0.023737 0.005386 0.022030 
-21.408781 0.000000 -54.480226 0.000000 0.000000 27.000000 -0.157914 0.159219 0.288221 -0.181832 0.154447 0.266133 0.023918 0.004772 0.022088 
-10.011335 0.000000 -54.480226 0.000000 0.000000 27.000000 -0.142493 0.159219 0.316675 -0.168247 0.156343 0.295404 0.025753 0.002876 0.021271 
3.660786 0.000000 -54.480226 0.000000 0.000000 27.000000 -0.117057 0.159220 0.345935 -0.144365 0.157286 0.327783 0.027307 0.001933 0.018153 
10.758575 0.000000 -54.480226 0.000000 0.000000 27.000000 -0.101370 0.159220 0.358469 -0.129423 0.158715 0.340371 0.028052 0.000505 0.018098 
10.758575 0.000000 -54.480226 0.000000 0.000000 27.000000 -0.099163 0.159220 0.359993 -0.126850 0.159139 0.341981 0.027687 0.000081 0.018012 
10.758575 0.000000 -54.480226 0.000000 0.000000 27.000000 -0.099000 0.159220 0.360104 -0.126700 0.159182 0.342093 0.027699 0.000038 0.018011 
10.758575 0.000000 -54.480226 0.000000 0.000000 27.000000 -0.098981 0.159220 0.360117 -0.126699 0.159183 0.342093 0.027718 0.000037 0.018024 
10.758575 0.000000 -54.480226 0.000000 0.000000 27.000000 -0.098977 0.159220 0.360120 -0.126699 0.159182 0.342093 0.027722 0.000038 0.018027 
10.758575 0.000000 -54.480226 0.000000 0.000000 27.000000 -0.098969 0.159220 0.360125 -0.126700 0.159182 0.342093 0.027731 0.000038 0.018033 
10.758575 0.000000 -54.480226 0.000000 0.000000 27.000000 -0.098966 0.159220 0.360128 -0.126700 0.159182 0.342092 0.027734 0.000038 0.018035 
10.758575 0.000000 -54.480226 0.000000 0.000000 27.000000 -0.098962 0.159220 0.360130 -0.126700 0.159182 0.342092 0.027738 0.000038 0.018038 
10.758575 0.000000 -54.480226 0.000000 0.000000 27.000000 -0.098960 0.159220 0.360132 -0.126701 0.159182 0.342092 0.027741 0.000038 0.018040 
10.758575 0.000000 -54.480226 0.000000 0.000000 27.000000 -0.098956 0.159220 0.360134 -0.126701 0.159182 0.342092 0.027745 0.000039 0.018042 
10.758575 0.000000 -54.480226 0.000000 0.000000 27.000000 -0.098954 0.159220 0.360136 -0.126701 0.159182 0.342091 0.027747 0.000038 0.018044 
10.758575 0.000000 -54.480226 0.000000 0.000000 27.000000 -0.098949 0.159220 0.360139 -0.126702 0.159182 0.342091 0.027752 0.000039 0.018048 
20.773597 0.000000 -54.480226 0.000000 0.000000 27.000000 -0.076700 0.159220 0.372748 -0.105693 0.159727 0.356963 0.028994 -0.000507 0.015784 
26.242167 0.000000 -54.480226 0.000000 0.000000 27.000000 -0.074213 0.159220 0.373885 -0.103522 0.159675 0.357983 0.029309 -0.000454 0.015902 
26.242167 0.000000 -48.251957 0.000000 0.000000 27.000000 -0.072235 0.148284 0.385695 -0.100791 0.153386 0.363122 0.028555 -0.005101 0.022573 
26.242167 0.000000 -41.257253 0.000000 0.000000 27.000000 -0.087430 0.131667 0.393302 -0.111312 0.130264 0.366917 0.023882 0.001403 0.026385 
23.048037 0.000000 -29.146752 0.000000 0.000000 30.000000 -0.105999 0.088232 0.395723 -0.117486 0.089452 0.361955 0.011487 -0.001220 0.033768 
9.819103 0.000000 -29.146752 0.000000 0.000000 30.000000 -0.142315 0.088100 0.368584 -0.148229 0.091939 0.338310 0.005914 -0.003838 0.030273 
2.961373 0.000000 -29.146752 0.000000 0.000000 30.000000 -0.158419 0.088101 0.351550 -0.163491 0.092412 0.320843 0.005072 -0.004310 0.030707 
-6.360589 0.000000 -29.146752 0.000000 0.000000 30.000000 -0.176894 0.088103 0.325469 -0.180748 0.092797 0.294915 0.003854 -0.004694 0.030554 
-12.363113 0.000000 -29.146752 0.000000 0.000000 30.000000 -0.186443 0.088102 0.307238 -0.189254 0.094754 0.276968 0.002811 -0.006652 0.030270 
1.314640 0.000000 -39.483683 0.000000 0.000000 30.000000 -0.149377 0.113128 0.341529 -0.160559 0.112747 0.311876 0.011182 0.000381 0.029653 
10.687033 0.000000 -52.339652 0.000000 0.000000 30.000000 -0.100254 0.141201 0.358744 -0.115152 0.156754 0.342501 0.014899 -0.015553 0.016243 
7.160049 0.000000 -52.339652 0.000000 0.000000 30.000000 -0.101826 0.143183 0.355480 -0.116075 0.159645 0.341099 0.014249 -0.016463 0.014381 
4.099135 0.000000 -52.339652 0.000000 0.000000 30.000000 -0.108569 0.143204 0.350310 -0.120193 0.170461 0.337022 0.011623 -0.027257 0.013287 
-2.415492 0.000000 -52.339652 0.000000 0.000000 30.000000 -0.122123 0.143207 0.338048 -0.132591 0.170416 0.326144 0.010468 -0.027209 0.011905 
-15.257247 0.000000 -52.339652 0.000000 0.000000 30.000000 -0.144320 0.143206 0.309837 -0.156480 0.169446 0.297707 0.012160 -0.026241 0.012130 
-23.866897 0.000000 -52.339652 0.000000 0.000000 30.000000 -0.155403 0.143206 0.288531 -0.170253 0.169035 0.274435 0.014850 -0.025829 0.014096 
-29.158700 0.000000 -52.339652 0.000000 0.000000 30.000000 -0.160651 0.143205 0.274513 -0.175253 0.167510 0.261144 0.014603 -0.024305 0.013369 
-33.171632 0.000000 -52.339652 0.000000 0.000000 30.000000 -0.163684 0.143206 0.263838 -0.178858 0.166869 0.250237 0.015173 -0.023664 0.013601 
-33.171632 0.000000 -52.339652 0.000000 0.000000 30.000000 -0.164319 0.143205 0.261175 -0.179663 0.166710 0.247429 0.015344 -0.023505 0.013746 
-33.171632 0.000000 -52.339652 0.000000 0.000000 30.000000 -0.164351 0.143205 0.261031 -0.179873 0.167040 0.246825 0.015522 -0.023834 0.014206 
-33.171632 0.000000 -52.339652 0.000000 0.000000 30.000000 -0.164362 0.143205 0.260986 -0.179874 0.167040 0.246823 0.015512 -0.023835 0.014163 
-33.171632 0.000000 -52.339652 0.000000 0.000000 30.000000 -0.164364 0.143205 0.260979 -0.179874 0.167040 0.246820 0.015511 -0.023836 0.014158 
-33.171632 0.000000 -52.339652 0.000000 0.000000 30.000000 -0.164366 0.143205 0.260967 -0.179875 0.167041 0.246818 0.015509 -0.023835 0.014148 
-33.171632 0.000000 -52.339652 0.000000 0.000000 30.000000 -0.164367 0.143205 0.260960 -0.179876 0.167042 0.246815 0.015509 -0.023836 0.014145 
-33.171632 0.000000 -52.339652 0.000000 0.000000 30.000000 -0.164369 0.143205 0.260953 -0.179877 0.167042 0.246812 0.015508 -0.023837 0.014141 
-33.171632 0.000000 -52.339652 0.000000 0.000000 30.000000 -0.164370 0.143205 0.260951 -0.179878 0.167043 0.246809 0.015508 -0.023838 0.014141 
-33.171632 0.000000 -52.339652 0.000000 0.000000 30.000000 -0.164370 0.143205 0.260948 -0.179878 0.167043 0.246808 0.015508 -0.023838 0.014140 
-33.171632 0.000000 -52.339652 0.000000 0.000000 30.000000 -0.164371 0.143205 0.260948 -0.179879 0.167043 0.246807 0.015508 -0.023839 0.014141 
-33.171632 0.000000 -52.339652 0.000000 0.000000 30.000000 -0.164370 0.143205 0.260947 -0.179879 0.167044 0.246806 0.015509 -0.023838 0.014142 
-33.171632 0.000000 -52.339652 0.000000 0.000000 30.000000 -0.164371 0.143205 0.260947 -0.179880 0.167044 0.246804 0.015509 -0.023839 0.014143 
-37.146812 0.000000 -52.339652 0.000000 0.000000 30.000000 -0.166001 0.143205 0.252826 -0.181823 0.166241 0.238916 0.015822 -0.023036 0.013910 
-32.224869 0.000000 -45.640690 0.000000 0.000000 28.000000 -0.181065 0.138506 0.250537 -0.190963 0.163890 0.234824 0.009898 -0.025384 0.015713 
-24.019768 0.000000 -42.575471 0.000000 0.000000 28.000000 -0.183828 0.129746 0.270564 -0.191495 0.156820 0.254626 0.007667 -0.027074 0.015938 
-13.222330 0.000000 -38.060809 0.000000 0.000000 28.000000 -0.181651 0.118498 0.300276 -0.181816 0.152154 0.286357 0.000165 -0.033656 0.013920 
-4.678941 0.000000 -45.266715 0.000000 0.000000 28.000000 -0.154140 0.132870 0.329182 -0.158046 0.160624 0.314544 0.003906 -0.027753 0.014638 
4.645959 0.000000 -50.392310 0.000000 0.000000 28.000000 -0.124053 0.145468 0.348412 -0.133240 0.171468 0.331720 0.009187 -0.026001 0.016691 
18.780348 0.000000 -54.706605 0.000000 0.000000 28.000000 -0.079232 0.154758 0.369361 -0.093662 0.178620 0.353182 0.014430 -0.023862 0.016179 
9.307387 0.000000 -46.827225 0.000000 0.000000 28.000000 -0.114209 0.140757 0.362077 -0.121175 0.166591 0.345347 0.006967 -0.025834 0.016729 
-3.561723 0.000000 -49.366010 0.000000 0.000000 28.000000 -0.142354 0.142174 0.332646 -0.150769 0.167637 0.315973 0.008415 -0.025464 0.016673 
4.086147 0.000000 -49.366010 0.000000 0.000000 28.000000 -0.126553 0.144448 0.347230 -0.136612 0.169640 0.329405 0.010059 -0.025192 0.017826 
18.296321 0.000000 -49.366010 0.000000 0.000000 28.000000 -0.092822 0.144473 0.372717 -0.101431 0.171847 0.354515 0.008610 -0.027374 0.018202 
11.106279 0.000000 -49.209128 0.000000 0.000000 31.000000 -0.099178 0.132081 0.363044 -0.108996 0.166381 0.347859 0.009818 -0.034299 0.015184 
11.106279 0.000000 -49.209128 0.000000 0.000000 31.000000 -0.099706 0.133512 0.361290 -0.109788 0.166012 0.347281 0.010083 -0.032501 0.014009 
11.106279 0.000000 -49.209128 0.000000 0.000000 31.000000 -0.099738 0.133603 0.361177 -0.109789 0.166013 0.347280 0.010052 -0.032409 0.013897 
11.106279 0.000000 -49.209128 0.000000 0.000000 31.000000 -0.099742 0.133615 0.361162 -0.109789 0.166013 0.347280 0.010047 -0.032397 0.013882 
11.106279 0.000000 -49.209128 0.000000 0.000000 31.000000 -0.099746 0.133626 0.361148 -0.109790 0.166014 0.347279 0.010044 -0.032387 0.013869 
11.106279 0.000000 -49.209128 0.000000 0.000000 31.000000 -0.099751 0.133641 0.361131 -0.109790 0.166014 0.347279 0.010039 -0.032373 0.013852 
11.106279 0.000000 -49.209128 0.000000 0.000000 31.000000 -0.099754 0.133649 0.361121 -0.109790 0.166014 0.347278 0.010037 -0.032366 0.013843 
11.106279 0.000000 -49.209128 0.000000 0.000000 31.000000 -0.099756 0.133656 0.361112 -0.109791 0.166015 0.347278 0.010035 -0.032359 0.013834 
11.106279 0.000000 -49.209128 0.000000 0.000000 31.000000 -0.099758 0.133662 0.361105 -0.109791 0.166015 0.347278 0.010033 -0.032353 0.013827 
11.106279 0.000000 -49.209128 0.000000 0.000000 31.000000 -0.099760 0.133668 0.361098 -0.109791 0.166015 0.347277 0.010031 -0.032348 0.013820 
11.106279 0.000000 -49.209128 0.000000 0.000000 31.000000 -0.099762 0.133673 0.361092 -0.109792 0.166016 0.347277 0.010030 -0.032343 0.013815 
11.106279 0.000000 -49.209128 0.000000 0.000000 31.000000 -0.099763 0.133677 0.361086 -0.109792 0.166016 0.347276 0.010029 -0.032339 0.013810 
-7.640199 0.000000 -53.436455 0.000000 0.000000 26.000000 -0.141167 0.161621 0.326168 -0.152542 0.185884 0.311180 0.011375 -0.024263 0.014989 
-12.729828 0.000000 -53.436455 0.000000 0.000000 26.000000 -0.149640 0.161665 0.313873 -0.160424 0.187238 0.298850 0.010783 -0.025573 0.015023 
-18.695842 0.000000 -53.436455 0.000000 0.000000 26.000000 -0.158098 0.161665 0.298614 -0.168074 0.187101 0.283066 0.009976 -0.025436 0.015547 
-32.704579 0.000000 -53.436455 0.000000 0.000000 26.000000 -0.171357 0.161664 0.260168 -0.181406 0.184590 0.241524 0.010049 -0.022927 0.018644 
-32.704579 0.000000 -53.436455 0.000000 0.000000 26.000000 -0.171961 0.161664 0.257184 -0.182360 0.184930 0.238942 0.010399 -0.023265 0.018242 
-32.704579 0.000000 -53.436455 0.000000 0.000000 26.000000 -0.171965 0.161664 0.257162 -0.182360 0.184930 0.238942 0.010395 -0.023265 0.018221 
-32.704579 0.000000 -53.436455 0.000000 0.000000 26.000000 -0.171966 0.161664 0.257162 -0.182360 0.184930 0.238941 0.010395 -0.023266 0.018220 
-32.704579 0.000000 -53.436455 0.000000 0.000000 26.000000 -0.171965 0.161664 0.257161 -0.182360 0.184930 0.238941 0.010395 -0.023266 0.018220 
-32.704579 0.000000 -53.436455 0.000000 0.000000 26.000000 -0.171966 0.161664 0.257160 -0.182360 0.184930 0.238940 0.010395 -0.023266 0.018220 
-32.704579 0.000000 -53.436455 0.000000 0.000000 26.000000 -0.171965 0.161664 0.257160 -0.182360 0.184930 0.238940 0.010395 -0.023266 0.018220 
-32.704579 0.000000 -53.436455 0.000000 0.000000 26.000000 -0.171966 0.161664 0.257159 -0.182361 0.184930 0.238940 0.010395 -0.023266 0.018220 
-32.704579 0.000000 -53.436455 0.000000 0.000000 26.000000 -0.171965 0.161664 0.257159 -0.182361 0.184930 0.238939 0.010395 -0.023266 0.018220 
-36.900131 0.000000 -53.436455 0.000000 0.000000 30.000000 -0.163657 0.145308 0.255098 -0.180498 0.168492 0.239902 0.016841 -0.023185 0.015196 
-27.687464 0.000000 -39.347206 0.000000 0.000000 30.000000 -0.184798 0.117243 0.260986 -0.191954 0.150474 0.250116 0.007156 -0.033231 0.010870 
-19.559921 0.000000 -45.557500 0.000000 0.000000 30.000000 -0.168971 0.126839 0.290606 -0.178363 0.154580 0.277973 0.009392 -0.027741 0.012633 
-19.559921 0.000000 -54.830246 0.000000 0.000000 30.000000 -0.148068 0.146008 0.298035 -0.163386 0.170047 0.283926 0.015319 -0.024038 0.014109 
-5.453788 0.000000 -45.147354 0.000000 0.000000 30.000000 -0.147055 0.129837 0.325656 -0.157933 0.156315 0.310138 0.010878 -0.026477 0.015518 
