-0.219746 0.024519 0.315940 -0.191745 0.017479 0.305010 
-0.173883 0.071311 0.289485 -0.148607 0.032876 0.316991 
-0.193975 0.107243 0.322206 -0.196462 0.094312 0.298158 
-0.167209 0.070954 0.306944 -0.148103 0.034522 0.317308 
-0.208213 0.105362 0.261445 -0.226112 0.104293 0.202712 
-0.215969 0.093743 0.239157 -0.229501 0.094500 0.181930 
-0.221724 0.078908 0.225944 -0.230457 0.086284 0.167619 
-0.141820 0.047320 0.360902 -0.137473 0.013723 0.323803 
-0.158629 -0.007419 0.351440 -0.142210 -0.016180 0.302890 
-0.224067 0.072040 0.226062 -0.230447 0.081064 0.164821 
-0.198445 -0.001635 0.264451 -0.156948 -0.018289 0.274766 
-0.173174 0.128199 0.319980 -0.209029 0.140397 0.246229 
-0.197150 -0.009276 0.272902 -0.154669 -0.023630 0.278663 
-0.125077 0.137345 0.354061 -0.183237 0.174757 0.276739 
-0.177680 -0.040161 0.312686 -0.156637 -0.034622 0.281848 
-0.118485 0.133614 0.382322 -0.159092 0.139444 0.334586 
-0.149709 -0.028500 0.336056 -0.158756 -0.038696 0.284409 
-0.197840 -0.002277 0.263461 -0.157359 -0.016610 0.273855 
-0.121604 0.137845 0.355890 -0.183626 0.175257 0.275350 
-0.143044 -0.009755 0.348116 -0.148108 -0.030398 0.294568 
-0.153977 -0.024556 0.334216 -0.153738 -0.036540 0.285064 
-0.196542 0.098023 0.329480 -0.194555 0.077723 0.308213 
-0.145945 -0.061056 0.336719 -0.158602 -0.035919 0.279791 
-0.186095 -0.049467 0.280070 -0.162061 -0.037416 0.268461 
-0.161532 -0.069217 0.307065 -0.170107 -0.042886 0.267364 
-0.133871 -0.069021 0.339259 -0.166807 -0.043220 0.274796 
-0.159466 -0.042457 0.318221 -0.164778 -0.042595 0.276583 
-0.135483 0.134034 0.362590 -0.188742 0.151835 0.285410 
-0.131881 0.065845 0.410077 -0.158497 0.108387 0.351195 
-0.160729 0.015414 0.351614 -0.140411 -0.010016 0.309289 
-0.128311 -0.002817 0.364124 -0.138815 -0.017903 0.307128 
-0.123215 0.077988 0.401969 -0.157035 0.093752 0.356698 
-0.120480 0.081050 0.402386 -0.157068 0.094107 0.356733 
-0.120477 0.081054 0.402387 -0.157083 0.094269 0.356749 
-0.120465 0.080885 0.402400 -0.157097 0.094420 0.356764 
-0.195311 -0.021105 0.275645 -0.156146 -0.026521 0.276636 
-0.123949 0.078205 0.400488 -0.157680 0.093308 0.356142 
-0.167711 0.001296 0.398900 -0.185376 0.050190 0.336054 
-0.214703 -0.071413 0.293330 -0.229257 -0.007664 0.260907 
-0.145380 0.082775 0.319976 -0.179444 0.122316 0.293261 
-0.241810 0.005084 0.232520 -0.233021 0.030376 0.216770 
-0.219475 0.088190 0.239188 -0.229888 0.091063 0.191442 
-0.231397 0.063088 0.231354 -0.232352 0.059363 0.201881 
-0.240135 0.026849 0.228401 -0.233429 0.034947 0.210582 
-0.223513 -0.062792 0.261088 -0.235692 -0.003665 0.226232 
-0.239649 0.029068 0.228850 -0.233357 0.039497 0.208940 
-0.234915 0.050871 0.228741 -0.232584 0.052764 0.204192 
-0.230916 0.063353 0.230965 -0.231934 0.064416 0.200121 
-0.219989 0.087303 0.239053 -0.229639 0.091163 0.191404 
-0.218672 0.090222 0.240032 -0.229616 0.091314 0.191358 
-0.218665 0.090238 0.240038 -0.229595 0.091455 0.191315 
-0.183709 0.124417 0.306758 -0.217138 0.125482 0.233281 
-0.218471 0.089448 0.239189 -0.230028 0.090843 0.185508 
-0.224904 0.070333 0.222299 -0.231212 0.078609 0.163884 
-0.225700 0.067658 0.220215 -0.231897 0.073767 0.168500 
-0.230901 0.066812 0.233898 -0.230227 0.060512 0.216842 
-0.228796 0.065937 0.280963 -0.211901 0.050187 0.284358 
-0.192179 -0.085164 0.343240 -0.217192 0.009984 0.288542 
-0.237657 -0.030093 0.274798 -0.223842 0.010381 0.268125 
-0.241298 -0.019537 0.254147 -0.229234 0.013819 0.246085 
-0.227244 0.068009 0.226412 -0.231993 0.076343 0.178498 
-0.192630 0.130718 0.264467 -0.216676 0.152474 0.183385 
-0.193216 0.125168 0.258813 -0.221378 0.135546 0.185811 
-0.240202 0.029049 0.231046 -0.233112 0.035280 0.216005 
-0.236351 0.050431 0.257230 -0.221913 0.045355 0.258736 
-0.227552 0.070367 0.277609 -0.214462 0.056557 0.275857 
-0.150747 0.123139 0.366570 -0.174801 0.119790 0.324703 
-0.157960 0.059593 0.395096 -0.177149 0.068706 0.341883 
-0.205579 -0.020324 0.352676 -0.204866 0.024604 0.310623 
-0.238853 0.018283 0.278910 -0.217959 0.024931 0.278581 
-0.215495 0.087211 0.296778 -0.207030 0.072506 0.288250 
-0.100717 0.138881 0.380251 -0.167422 0.166412 0.309361 
-0.178795 0.129353 0.286196 -0.213749 0.152234 0.212875 
-0.178417 0.067250 0.367866 -0.187931 0.049426 0.333205 
-0.166061 -0.004567 0.388060 -0.187757 0.030663 0.331916 
-0.228484 0.037999 0.302610 -0.203701 0.030201 0.300097 
-0.115750 0.131503 0.380303 -0.156324 0.147184 0.332239 
-0.107643 0.134477 0.383719 -0.152651 0.144549 0.337154 
-0.162884 0.115370 0.357254 -0.177851 0.099167 0.323701 
-0.232792 0.050950 0.267672 -0.215668 0.038741 0.268987 
-0.237660 0.020247 0.275918 -0.212780 0.018729 0.283647 
-0.234398 -0.009655 0.293550 -0.211509 0.009365 0.291773 
-0.236615 0.034872 0.265772 -0.216810 0.033206 0.267146 
-0.222479 0.075978 0.242616 -0.227807 0.076031 0.207006 
-0.206595 0.102710 0.267498 -0.221277 0.098527 0.229452 
-0.155933 0.113458 0.367853 -0.168923 0.100332 0.335441 
-0.103014 0.098810 0.397473 -0.144747 0.129446 0.352968 
-0.118336 0.130738 0.354087 -0.184301 0.175719 0.272648 
-0.165861 0.140610 0.298956 -0.199090 0.172650 0.238872 
-0.193687 0.122614 0.251767 -0.216397 0.149714 0.168617 
-0.223569 0.066558 0.224527 -0.230338 0.070555 0.175699 
-0.232766 0.037336 0.219891 -0.231447 0.049118 0.182382 
-0.233273 0.034240 0.219753 -0.231451 0.048930 0.182445 
-0.233277 0.034212 0.219752 -0.231454 0.048753 0.182504 
-0.233272 0.034244 0.219725 -0.231457 0.048588 0.182560 
-0.233260 0.034248 0.219705 -0.231462 0.048285 0.182661 
-0.189256 -0.079261 0.260602 -0.234723 -0.001642 0.204091 
-0.235846 -0.022920 0.224251 -0.232976 0.018809 0.193958 
-0.229297 0.048866 0.221023 -0.230967 0.059495 0.178958 
-0.217831 0.077726 0.227838 -0.228531 0.087528 0.170989 
-0.211839 0.088999 0.232629 -0.227337 0.096675 0.168888 
-0.215731 0.082941 0.229637 -0.228419 0.087958 0.170862 
-0.232911 0.036245 0.219517 -0.231727 0.045670 0.183618 
-0.236727 -0.010243 0.221829 -0.232819 0.021497 0.192800 
-0.236574 -0.013383 0.222254 -0.232823 0.021188 0.192924 
-0.236543 -0.014709 0.222521 -0.232831 0.020361 0.193255 
-0.093391 0.136562 0.386592 -0.142034 0.161569 0.340470 
-0.080265 0.135907 0.378508 -0.150819 0.185836 0.314289 
-0.177207 0.091107 0.364061 -0.176973 0.065837 0.336312 
-0.171643 -0.014605 0.391692 -0.186246 0.036501 0.331038 
-0.157196 -0.055818 0.379451 -0.200622 0.007489 0.317783 
-0.191489 -0.034273 0.367868 -0.198586 0.021907 0.314361 
-0.220607 0.070143 0.296290 -0.206153 0.057999 0.286888 
-0.217092 0.082328 0.286691 -0.211506 0.071694 0.270407 
-0.123756 0.132053 0.372961 -0.168441 0.141765 0.319796 
-0.106412 0.135101 0.383269 -0.150241 0.149769 0.337204 
-0.168100 0.129263 0.317209 -0.209101 0.138633 0.244874 
-0.181335 0.126977 0.286208 -0.214703 0.138848 0.223073 
-0.189188 0.104075 0.251134 -0.218090 0.143668 0.167820 
-0.186744 0.132396 0.268803 -0.210939 0.165961 0.183838 
-0.131849 0.134025 0.359344 -0.186743 0.147967 0.288966 
-0.150738 0.127441 0.353216 -0.187626 0.125280 0.299319 
-0.214558 0.066596 0.319752 -0.194612 0.050596 0.311763 
-0.161160 0.120643 0.348462 -0.188217 0.122582 0.300071 
-0.077940 0.122280 0.383890 -0.137026 0.164278 0.343442 
-0.106382 0.158015 0.367341 -0.125005 0.192380 0.336337 
-0.229852 0.035631 0.225447 -0.228909 0.048425 0.190648 
-0.226915 0.039104 0.220108 -0.228505 0.056102 0.172104 
-0.221063 0.065070 0.229638 -0.227489 0.068691 0.190699 
-0.206551 0.096021 0.263545 -0.219955 0.094564 0.229280 
-0.147184 0.130477 0.333635 -0.187213 0.151704 0.283654 
-0.140697 0.113344 0.379007 -0.157953 0.096216 0.346397 
-0.129668 0.035367 0.406254 -0.156524 0.076387 0.353378 
-0.214261 0.045695 0.329538 -0.188323 0.035082 0.319071 
-0.230859 0.048840 0.256742 -0.216566 0.039018 0.254885 
-0.230532 0.049246 0.246033 -0.219301 0.040713 0.245112 
-0.229812 0.048692 0.278104 -0.203844 0.034179 0.288499 
-0.218901 0.046885 0.318887 -0.191565 0.031328 0.313925 
-0.167037 -0.032966 0.390466 -0.185252 0.030684 0.325433 
-0.228340 0.046006 0.231115 -0.227610 0.049840 0.200338 
-0.193181 -0.051898 0.300846 -0.217740 -0.013176 0.281704 
-0.164081 -0.085965 0.334802 -0.217041 -0.014056 0.283676 
-0.214954 0.079197 0.240601 -0.226185 0.082167 0.202329 
-0.185120 0.139195 0.281672 -0.210714 0.165436 0.178745 
-0.100683 0.139838 0.367046 -0.160194 0.181702 0.304178 
-0.074202 0.129597 0.372241 -0.133234 0.191304 0.327669 
-0.071422 0.129616 0.373194 -0.133092 0.191354 0.327766 
-0.071410 0.129617 0.373199 -0.132960 0.191401 0.327858 
-0.105911 0.141255 0.365260 -0.172300 0.177974 0.289748 
-0.118830 0.139936 0.356764 -0.182981 0.174768 0.273881 
-0.130319 0.137803 0.347150 -0.190618 0.172623 0.259835 
-0.182551 0.137011 0.280094 -0.209475 0.168140 0.182595 
-0.230180 0.041682 0.228250 -0.227964 0.044846 0.202716 
-0.235361 -0.008208 0.228289 -0.227899 0.015599 0.213143 
-0.232067 -0.013202 0.223066 -0.229859 0.020605 0.184182 
-0.231773 -0.007556 0.218324 -0.229651 0.026139 0.179601 
-0.214783 0.070160 0.224261 -0.226813 0.083906 0.161719 
-0.201700 0.108675 0.236480 -0.218250 0.137338 0.156887 
-0.166431 0.138565 0.310228 -0.206464 0.165899 0.217449 
-0.142450 0.141504 0.338826 -0.194333 0.170401 0.253082 
-0.123746 0.140969 0.354003 -0.180951 0.174073 0.278279 
-0.094032 0.138401 0.369546 -0.151760 0.183085 0.313616 
-0.104627 0.136342 0.363589 -0.170406 0.177170 0.293224 
-0.070505 0.109365 0.373790 -0.188362 0.172015 0.265493 
-0.105598 0.135204 0.363917 -0.168719 0.177661 0.295340 
-0.118441 0.140900 0.357936 -0.182082 0.173758 0.276476 
-0.072069 0.109064 0.373689 -0.190336 0.171469 0.261630 
-0.145051 0.138817 0.335624 -0.198365 0.169370 0.243040 
-0.193255 0.144723 0.245099 -0.212948 0.157994 0.185466 
-0.187637 0.122975 0.269524 -0.216117 0.127763 0.223405 
-0.190681 0.111383 0.294513 -0.209194 0.104863 0.260029 
-0.197324 0.101204 0.306741 -0.196450 0.080401 0.294093 
-0.182255 0.109036 0.322814 -0.195496 0.105966 0.289401 
-0.129169 0.083926 0.333448 -0.203449 0.165947 0.230783 
-0.180164 0.136504 0.287963 -0.209694 0.166600 0.190112 
-0.202395 0.112521 0.237760 -0.220419 0.128051 0.158562 
-0.224969 0.055454 0.225849 -0.227892 0.056600 0.195397 
-0.222138 0.052814 0.305184 -0.196978 0.036063 0.302379 
-0.226579 0.053376 0.284597 -0.204427 0.038014 0.286209 
-0.232557 0.003864 0.222587 -0.229400 0.025447 0.188787 
-0.219201 0.061260 0.223199 -0.227745 0.074326 0.168478 
-0.149267 0.134712 0.332946 -0.193761 0.158577 0.264134 
-0.096558 0.132171 0.366786 -0.147579 0.174102 0.322973 
-0.160982 0.125738 0.310299 -0.204704 0.159183 0.232157 
-0.192506 0.145726 0.246933 -0.211888 0.158935 0.187075 
-0.194796 0.115313 0.249562 -0.219925 0.127447 0.186262 
-0.202585 -0.034696 0.311149 -0.206892 -0.005167 0.292654 
-0.197239 -0.025096 0.339125 -0.197552 0.002324 0.305691 
-0.213913 0.040676 0.327155 -0.185672 0.027635 0.316723 
-0.179312 0.096240 0.341562 -0.177048 0.082330 0.320214 
-0.116334 0.130995 0.358825 -0.167043 0.162024 0.306902 
-0.150845 0.135832 0.329999 -0.197345 0.157526 0.255821 
-0.191626 0.146994 0.248411 -0.212254 0.156030 0.195108 
-0.181777 0.122508 0.269975 -0.212437 0.156093 0.192439 
-0.181779 0.122413 0.270135 -0.212439 0.156093 0.192418 
-0.185489 0.131459 0.275344 -0.212453 0.156100 0.192174 
-0.137895 0.133842 0.341341 -0.182957 0.160691 0.283254 
-0.095355 0.128351 0.383523 -0.140410 0.142648 0.346209 
-0.116165 0.081799 0.398971 -0.149506 0.093435 0.352167 
-0.232393 -0.005545 0.234006 -0.222957 0.014950 0.222880 
-0.232143 -0.007303 0.229451 -0.224806 0.015476 0.208502 
-0.187362 0.098605 0.321511 -0.187782 0.087755 0.303289 
-0.060736 0.111665 0.376969 -0.133140 0.161194 0.344857 
-0.129694 0.004500 0.400179 -0.164978 0.042311 0.345328 
-0.118642 0.071153 0.389504 -0.155387 0.066261 0.351505 
-0.119221 0.068726 0.399522 -0.148079 0.091145 0.354224 
-0.088952 0.105124 0.391183 -0.136992 0.137392 0.351572 
-0.107023 0.131894 0.363449 -0.167320 0.171423 0.300706 
-0.133381 0.126938 0.328951 -0.174883 0.170716 0.289659 
-0.151028 0.135488 0.323676 -0.201066 0.164130 0.238661 
-0.190850 0.149257 0.250503 -0.209736 0.162726 0.198581 
-0.172205 0.110172 0.285377 -0.210046 0.136634 0.235739 
-0.176045 0.113751 0.312390 -0.199004 0.111141 0.277280 
-0.179569 0.107527 0.323523 -0.187455 0.092097 0.302565 
-0.127799 0.072452 0.382718 -0.160711 0.057567 0.347200 
-0.102205 0.086202 0.387565 -0.145531 0.090246 0.357365 
-0.063167 0.108254 0.381279 -0.126505 0.159927 0.351690 
-0.092426 0.157866 0.378857 -0.119914 0.179814 0.346367 
-0.082281 0.135595 0.371496 -0.142008 0.180420 0.325052 
-0.187583 0.153350 0.257440 -0.205538 0.163217 0.223246 
-0.105172 0.131812 0.361562 -0.160640 0.174868 0.307082 
-0.098266 0.157871 0.372095 -0.119480 0.191015 0.339583 
-0.094041 0.160083 0.373089 -0.119326 0.191073 0.339666 
-0.095632 0.159457 0.371573 -0.120879 0.189998 0.338878 
-0.100449 0.134591 0.363583 -0.163374 0.174127 0.304094 
-0.071183 0.106311 0.373637 -0.186469 0.167560 0.271637 
-0.100127 0.115557 0.358469 -0.187813 0.167193 0.269195 
-0.049702 0.111147 0.374386 -0.134710 0.183931 0.330117 
-0.087109 0.158595 0.377506 -0.116149 0.192719 0.341246 
-0.096914 0.129838 0.381296 -0.145391 0.144164 0.340290 
-0.184759 -0.039229 0.288055 -0.212958 -0.018503 0.280186 
-0.152995 0.099929 0.365996 -0.159042 0.083703 0.339706 
-0.142699 0.103845 0.373911 -0.153976 0.087424 0.344063 
-0.096654 0.075616 0.390847 -0.139987 0.095111 0.357996 
-0.094515 0.092460 0.383551 -0.138776 0.095804 0.358975 
-0.130104 0.039472 0.400957 -0.154239 0.061021 0.348375 
-0.219486 -0.012891 0.316463 -0.194918 0.000557 0.301731 
-0.220777 -0.033251 0.303126 -0.197664 -0.003017 0.297192 
-0.187139 0.016783 0.367967 -0.174667 0.025310 0.327311 
-0.118476 0.039191 0.400825 -0.146738 0.077794 0.354481 
-0.103363 0.077058 0.389987 -0.144847 0.081206 0.355533 
-0.103219 0.077543 0.389836 -0.144826 0.081244 0.355545 
-0.112468 0.048010 0.400963 -0.144728 0.081410 0.355599 
-0.112488 0.047652 0.401054 -0.144728 0.081411 0.355599 
-0.111965 0.049866 0.400575 -0.144724 0.081418 0.355601 
-0.141930 0.123269 0.338889 -0.177147 0.137928 0.303181 
-0.171937 0.103298 0.335413 -0.178220 0.086323 0.313798 
-0.203408 0.068899 0.321544 -0.180400 0.042341 0.314758 
-0.186726 0.095851 0.313433 -0.192324 0.087400 0.291706 
-0.178391 0.107622 0.279513 -0.213378 0.142073 0.211277 
-0.186518 0.007526 0.252772 -0.219608 0.124975 0.171490 
-0.205706 0.078728 0.294602 -0.194521 0.060501 0.289458 
-0.229146 0.018667 0.239537 -0.213363 0.023966 0.244773 
-0.199228 0.084081 0.305535 -0.188852 0.068573 0.299293 
-0.152416 0.109228 0.352560 -0.168640 0.105820 0.323282 
-0.059104 0.109658 0.369350 -0.127558 0.187116 0.333655 
-0.149701 0.137068 0.330250 -0.199034 0.167051 0.239843 
-0.210113 0.077287 0.275114 -0.204046 0.058331 0.270503 
-0.209967 0.073712 0.250540 -0.219218 0.071626 0.221160 
-0.203212 0.091705 0.236911 -0.222545 0.100895 0.181094 
-0.195909 0.098445 0.263638 -0.213190 0.093306 0.241992 
-0.182909 0.100567 0.314783 -0.188827 0.090379 0.296813 
-0.165502 0.103353 0.345130 -0.171381 0.090787 0.322240 
-0.225967 -0.036000 0.245777 -0.218095 -0.002465 0.238702 
-0.203249 -0.084253 0.258248 -0.223725 -0.010300 0.214368 
-0.172462 0.116845 0.301447 -0.200016 0.122534 0.269538 
-0.172807 0.108942 0.290703 -0.207274 0.125317 0.248661 
-0.184499 0.115390 0.277168 -0.213387 0.126045 0.227208 
-0.139768 0.120461 0.346382 -0.175207 0.128206 0.308834 
-0.127057 0.120901 0.360591 -0.164489 0.130063 0.322016 
-0.162143 -0.010065 0.352234 -0.193921 -0.006128 0.310311 
-0.189116 -0.061585 0.335087 -0.201091 -0.007847 0.293564 
-0.228763 -0.029270 0.255026 -0.213353 -0.002544 0.253677 
-0.227188 -0.024659 0.237085 -0.219807 0.003250 0.222847 
-0.226545 0.015730 0.227171 -0.220596 0.025639 0.212166 
-0.219879 0.044464 0.229074 -0.221882 0.047594 0.204365 
-0.193064 0.094066 0.297400 -0.199927 0.084497 0.277292 
-0.228656 -0.003044 0.260411 -0.201183 0.004336 0.273693 
-0.169719 0.086541 0.353196 -0.161741 0.066565 0.333875 
-0.166269 0.089375 0.355540 -0.162338 0.064480 0.332932 
-0.199782 -0.077971 0.283012 -0.217656 -0.021012 0.248894 
-0.228114 0.011887 0.249101 -0.206020 0.011053 0.257831 
-0.218729 0.039872 0.236596 -0.214011 0.034238 0.230101 
-0.188666 -0.020496 0.294053 -0.204190 -0.017406 0.286014 
-0.227965 -0.004962 0.262992 -0.202360 0.003064 0.269792 
-0.212946 0.060263 0.248566 -0.210960 0.050621 0.244554 
-0.134989 0.029448 0.394821 -0.156006 0.047511 0.342821 
-0.092610 0.126466 0.369291 -0.137715 0.173358 0.331527 
-0.183865 0.095417 0.307315 -0.192389 0.084433 0.288194 
-0.221433 0.014535 0.227251 -0.218778 0.023506 0.204459 
-0.184368 0.094031 0.307569 -0.190874 0.087961 0.290815 
-0.143832 0.115704 0.340395 -0.170517 0.124547 0.314246 
-0.123726 0.114228 0.366714 -0.158547 0.119264 0.329942 
-0.179081 0.037581 0.271207 -0.218571 0.117845 0.198890 
-0.201585 0.106578 0.241892 -0.219319 0.121034 0.177519 
-0.199945 0.108327 0.241977 -0.219305 0.121146 0.176869 
-0.187254 0.040260 0.243918 -0.221759 0.094965 0.179295 
-0.187015 0.001089 0.250384 -0.221375 0.101217 0.177853 
-0.120035 0.006104 0.393437 -0.157846 0.034022 0.341867 
-0.228204 -0.003489 0.256826 -0.204355 0.003859 0.263983 
-0.225909 -0.028636 0.261661 -0.205560 -0.008128 0.268045 
-0.179737 -0.081483 0.316697 -0.206792 -0.017530 0.276980 
-0.176899 0.093595 0.327238 -0.179875 0.084098 0.309174 
-0.165343 0.099360 0.340912 -0.169926 0.087368 0.321297 
-0.144272 0.102679 0.365347 -0.155202 0.089165 0.338901 
-0.126783 0.066579 0.387678 -0.153117 0.056931 0.345156 
-0.133007 -0.017557 0.391289 -0.166835 0.017266 0.332627 
-0.214803 -0.028033 0.314887 -0.192146 -0.005550 0.299458 
-0.224045 -0.022664 0.285838 -0.198380 -0.006326 0.285095 
-0.222214 -0.014719 0.230135 -0.218133 0.007682 0.208088 
-0.222272 -0.014343 0.226511 -0.218148 0.007728 0.207913 
-0.222272 -0.014341 0.226504 -0.218162 0.007771 0.207749 
-0.199006 0.021357 0.241731 -0.222130 0.065900 0.184420 
-0.210681 0.052907 0.309437 -0.179566 0.028697 0.310562 
-0.184563 0.021446 0.258804 -0.220622 0.110332 0.184471 
-0.201696 0.085138 0.235695 -0.221506 0.094658 0.186383 
-0.223353 0.006977 0.226541 -0.217572 0.015657 0.212835 
-0.225432 -0.001161 0.245797 -0.200989 0.000889 0.261997 
-0.225902 -0.002607 0.254288 -0.197472 -0.000766 0.271038 
-0.133631 -0.044366 0.377340 -0.176237 -0.004274 0.316212 
-0.223062 -0.003278 0.242600 -0.206023 0.003525 0.246109 
-0.223340 -0.002196 0.238870 -0.206060 0.003563 0.245939 
-0.223340 -0.002194 0.238862 -0.206094 0.003598 0.245779 
-0.090586 0.118064 0.370773 -0.132723 0.150779 0.345618 
-0.085781 0.120581 0.370263 -0.134760 0.165597 0.336863 
-0.115953 0.104637 0.344790 -0.176740 0.155900 0.292124 
-0.132418 0.075450 0.332782 -0.202982 0.150659 0.239927 
-0.196572 0.088396 0.248672 -0.214262 0.079497 0.229015 
-0.213389 0.050622 0.242823 -0.208652 0.038108 0.240852 
-0.220209 0.028904 0.240291 -0.205978 0.020127 0.245569 
-0.224015 -0.000621 0.240848 -0.205209 0.002237 0.249026 
-0.224000 -0.004458 0.241323 -0.205180 0.001502 0.249153 
-0.215338 0.042957 0.242639 -0.208575 0.036811 0.241168 
-0.188133 0.122902 0.274780 -0.212392 0.141895 0.210021 
-0.183908 0.071138 0.341911 -0.164139 0.039707 0.327140 
-0.154617 0.047487 0.364931 -0.162718 0.021734 0.329995 
-0.178253 0.084670 0.329111 -0.174118 0.069765 0.313780 
-0.044454 0.104887 0.373349 -0.126256 0.182257 0.335895 
-0.040908 0.105871 0.373470 -0.126119 0.182454 0.335888 
-0.040902 0.105873 0.373470 -0.125991 0.182639 0.335881 
-0.192184 0.117950 0.261081 -0.215895 0.133602 0.194047 
-0.146004 -0.032244 0.371149 -0.178013 -0.003703 0.315049 
-0.122423 0.011031 0.385277 -0.158865 0.017454 0.335402 
-0.115922 0.041186 0.380921 -0.156656 0.020374 0.337341 
-0.139895 -0.005173 0.384640 -0.164685 0.011954 0.328609 
-0.211701 0.024333 0.317068 -0.177131 0.009871 0.309259 
-0.221620 0.026554 0.272921 -0.190239 0.013142 0.284158 
-0.198755 0.019696 0.241268 -0.219003 0.051407 0.190757 
-0.213227 0.048980 0.286603 -0.185040 0.029426 0.293985 
-0.219149 -0.026375 0.291088 -0.194284 -0.011098 0.287683 
-0.189513 -0.038569 0.297563 -0.199725 -0.019065 0.283916 
-0.172057 -0.018531 0.320272 -0.196257 -0.021143 0.295479 
-0.209783 0.000039 0.326079 -0.180420 -0.001046 0.308243 
-0.207838 0.038893 0.318475 -0.174205 0.014673 0.313322 
-0.145613 -0.019955 0.366549 -0.179446 -0.008676 0.313735 
-0.201968 0.072178 0.261547 -0.208840 0.061550 0.246897 
-0.183667 0.082884 0.309016 -0.180128 0.063733 0.300843 
-0.217071 0.000349 0.234684 -0.207287 0.006661 0.228953 
-0.189084 0.044598 0.244243 -0.218782 0.082324 0.197029 
-0.173374 0.102358 0.283819 -0.209047 0.142028 0.223409 
-0.171654 0.157123 0.294558 -0.147038 0.157771 0.327265 
-0.089152 0.115843 0.364060 -0.134411 0.162174 0.337633 
-0.080264 0.116860 0.368295 -0.124748 0.166631 0.344344 
-0.077413 0.117974 0.369616 -0.116659 0.171461 0.348951 
-0.075452 0.119612 0.370704 -0.116460 0.171581 0.349051 
-0.146387 -0.004942 0.371947 -0.168408 0.001055 0.319757 
-0.215545 0.021553 0.238457 -0.207286 0.021104 0.230900 
-0.212766 0.023094 0.231657 -0.212597 0.026927 0.206704 
-0.182213 -0.080072 0.273979 -0.217851 -0.028828 0.227829 
-0.214641 0.002108 0.228171 -0.211775 0.013539 0.209055 
-0.211852 0.021737 0.227708 -0.213270 0.028134 0.203593 
-0.209373 0.040429 0.233888 -0.212143 0.038715 0.216844 
-0.204028 0.059745 0.243493 -0.209315 0.049534 0.233771 
-0.199057 0.074552 0.250314 -0.205796 0.060474 0.248375 
-0.162394 0.112756 0.312603 -0.178615 0.121042 0.300691 
-0.180852 0.083315 0.319577 -0.168627 0.057853 0.316877 
-0.130928 -0.028920 0.384911 -0.163260 0.005816 0.324617 
-0.147609 0.014905 0.361161 -0.167795 -0.002118 0.319433 
-0.168459 -0.016106 0.333895 -0.185792 -0.018157 0.300606 
-0.142929 -0.077177 0.343508 -0.197365 -0.025382 0.287894 
-0.195971 0.024702 0.342674 -0.168797 0.004841 0.316990 
-0.195578 0.027836 0.342610 -0.168653 0.005001 0.317105 
-0.195576 0.027848 0.342610 -0.168519 0.005152 0.317213 
-0.164629 -0.020191 0.369093 -0.169213 0.001864 0.316082 
-0.205382 0.054214 0.242242 -0.212397 0.048713 0.222074 
-0.139437 -0.070710 0.351360 -0.195046 -0.022823 0.290161 
-0.211987 0.041195 0.245393 -0.205736 0.033207 0.242011 
-0.206272 0.049952 0.302170 -0.172740 0.025670 0.307833 
-0.146374 0.097223 0.349991 -0.160818 0.092395 0.327288 
-0.146096 0.101226 0.323314 -0.182509 0.129414 0.292612 
-0.168487 0.118827 0.305958 -0.195239 0.129892 0.269323 
-0.179548 0.114561 0.283916 -0.208729 0.129504 0.233588 
-0.175471 0.039902 0.280563 -0.214640 0.129069 0.201339 
-0.192326 0.097846 0.261502 -0.205609 0.092296 0.249682 
-0.196348 0.029946 0.333878 -0.165264 0.005491 0.314727 
-0.153210 0.014639 0.353257 -0.166323 -0.007197 0.314738 
-0.137397 -0.032405 0.375021 -0.166615 -0.008669 0.314536 
-0.148706 0.009825 0.357473 -0.166637 -0.008735 0.314522 
-0.148759 0.009987 0.357403 -0.166637 -0.008736 0.314522 
-0.189943 0.072681 0.293098 -0.183870 0.057310 0.291576 
-0.193769 0.056431 0.242707 -0.209407 0.050998 0.227035 
-0.208776 0.035821 0.236158 -0.204976 0.026575 0.231347 
-0.215208 -0.001266 0.235823 -0.200614 0.000157 0.238589 
-0.206506 -0.050282 0.249749 -0.202011 -0.017338 0.242244 
-0.212928 0.012058 0.235586 -0.204529 0.014883 0.228759 
-0.214612 0.019076 0.239632 -0.195711 0.012430 0.254103 
-0.216569 0.023103 0.260535 -0.183581 0.007973 0.280782 
-0.211337 0.023202 0.298433 -0.171888 0.004760 0.302191 
-0.153141 0.070700 0.310477 -0.193139 0.115765 0.276639 
-0.137692 0.110979 0.337856 -0.154692 0.124527 0.328363 
-0.195067 0.034215 0.334151 -0.163920 0.010920 0.316056 
-0.212460 0.027368 0.246280 -0.198016 0.017519 0.249632 
-0.203201 0.053678 0.244253 -0.204476 0.041764 0.240515 
-0.176398 0.088977 0.273578 -0.212088 0.134356 0.213367 
-0.077588 0.125399 0.371674 -0.120165 0.186456 0.337216 
-0.082404 0.152905 0.377619 -0.110738 0.191456 0.341836 
-0.082692 0.156943 0.377024 -0.114340 0.173501 0.349019 
-0.075319 0.121924 0.370181 -0.120080 0.166890 0.347330 
-0.095881 0.121815 0.365027 -0.136564 0.159024 0.336118 
-0.157955 0.125778 0.320118 -0.191834 0.144589 0.268878 
-0.133642 0.070241 0.345859 -0.206439 0.119007 0.243506 
-0.192491 0.081718 0.255282 -0.202276 0.066075 0.255186 
-0.201140 0.062780 0.255654 -0.197128 0.043383 0.260954 
-0.213837 0.033857 0.249775 -0.191513 0.014718 0.265430 
-0.167993 -0.021285 0.340519 -0.177751 -0.015837 0.301359 
-0.199280 0.083778 0.244390 -0.213894 0.078872 0.221070 
-0.185223 0.070140 0.253301 -0.214901 0.093249 0.215697 
-0.190262 0.070633 0.247248 -0.218301 0.100954 0.185615 
-0.171379 0.098851 0.296131 -0.174545 0.092001 0.307782 
-0.122991 0.103128 0.360405 -0.146717 0.102601 0.339910 
-0.216977 0.000070 0.248654 -0.194821 -0.001314 0.257782 
-0.146384 0.010444 0.356252 -0.167643 -0.009436 0.313128 
-0.206281 -0.009421 0.317686 -0.175816 -0.011110 0.300548 
-0.212019 -0.010062 0.300812 -0.178593 -0.010800 0.294916 
-0.217799 -0.007516 0.269690 -0.185715 -0.008542 0.278886 
-0.214810 -0.007280 0.252112 -0.188301 -0.007883 0.263700 
-0.215077 -0.007328 0.249063 -0.188330 -0.007871 0.263403 
-0.190698 0.088543 0.258347 -0.208520 0.093164 0.239345 
-0.183001 0.108407 0.275732 -0.208593 0.131631 0.228639 
-0.180548 0.110845 0.279197 -0.208573 0.131824 0.228592 
-0.161517 0.114074 0.306523 -0.199638 0.151284 0.244931 
-0.154161 0.108078 0.310589 -0.198704 0.152798 0.246421 
-0.157161 0.112355 0.310653 -0.198256 0.153514 0.247123 
-0.157462 0.112800 0.310652 -0.198224 0.153565 0.247172 
-0.148748 0.070980 0.314705 -0.204214 0.143217 0.236677 
-0.200141 0.066778 0.235820 -0.211029 0.052884 0.214504 
-0.207347 0.024061 0.233002 -0.202836 0.017663 0.224978 
-0.185937 0.067049 0.308788 -0.166285 0.046951 0.311664 
-0.087090 0.063808 0.384718 -0.132326 0.073546 0.353795 
-0.075718 0.089722 0.375059 -0.126103 0.100420 0.358425 
-0.097236 0.107666 0.361473 -0.136745 0.138474 0.342212 
-0.084681 0.155714 0.377237 -0.108391 0.170326 0.354541 
-0.076517 0.157135 0.378716 -0.100079 0.189412 0.350755 
-0.088278 0.156229 0.374229 -0.121155 0.177097 0.340818 
-0.177801 0.125422 0.291643 -0.205287 0.140597 0.235138 
-0.165984 0.086872 0.323463 -0.161676 0.063138 0.320485 
-0.136999 0.005821 0.384889 -0.150869 0.017109 0.328521 
-0.190047 0.066335 0.248200 -0.217360 0.098379 0.193229 
-0.183478 0.032108 0.257701 -0.216445 0.100274 0.199565 
-0.187495 0.065475 0.252753 -0.212613 0.086501 0.221682 
-0.204814 0.013511 0.313034 -0.168297 -0.005153 0.303624 
-0.133238 -0.052440 0.366879 -0.171047 -0.019073 0.304152 
-0.124264 -0.045462 0.374143 -0.164362 -0.013743 0.311339 
-0.214203 -0.003115 0.254867 -0.186820 -0.006056 0.265497 
-0.200544 0.059284 0.233706 -0.208637 0.046312 0.221713 
-0.200850 0.072257 0.234370 -0.212292 0.063932 0.214695 
-0.183766 0.017945 0.263628 -0.215967 0.099392 0.203889 
-0.202994 -0.049686 0.249189 -0.200622 -0.021769 0.240428 
-0.190579 -0.067497 0.260954 -0.202169 -0.027814 0.241866 
-0.205112 -0.046322 0.246577 -0.198559 -0.019686 0.239958 
-0.210765 -0.018567 0.237605 -0.197203 -0.008078 0.237329 
-0.200842 0.054651 0.257292 -0.192320 0.031972 0.263421 
-0.166436 0.086163 0.294223 -0.190130 0.103152 0.281631 
-0.169503 0.063142 0.349141 -0.152431 0.030620 0.328055 
-0.083507 0.117024 0.369603 -0.122300 0.165343 0.344971 
-0.163017 0.160091 0.306849 -0.134208 0.162520 0.335371 
-0.103954 0.112207 0.355920 -0.144910 0.158543 0.326606 
-0.147980 0.114403 0.327925 -0.166467 0.127236 0.312040 
-0.167116 0.091218 0.307462 -0.164401 0.066371 0.315242 
-0.191666 -0.039001 0.317040 -0.176491 -0.023610 0.290689 
-0.164615 -0.043285 0.320986 -0.182866 -0.030043 0.286178 
-0.179439 0.066317 0.314077 -0.163111 0.045761 0.313837 
-0.202009 0.026778 0.303678 -0.163069 0.001583 0.303168 
-0.151344 -0.060197 0.334568 -0.186279 -0.031476 0.284755 
-0.138153 -0.069041 0.339512 -0.190221 -0.034109 0.282336 
-0.201579 0.024248 0.304414 -0.163210 0.003443 0.303901 
-0.197588 0.038165 0.304714 -0.161035 0.013820 0.307332 
-0.193267 0.047740 0.306378 -0.160721 0.022831 0.309764 
-0.188369 0.067184 0.253528 -0.211156 0.078851 0.222804 
-0.207185 0.018345 0.238314 -0.193899 0.008671 0.242132 
-0.208887 0.006891 0.237885 -0.191577 0.000047 0.244046 
-0.208113 -0.024688 0.242720 -0.190872 -0.015992 0.246745 
-0.199291 0.060070 0.235622 -0.204033 0.043094 0.232267 
-0.132410 0.122785 0.344519 -0.162477 0.152849 0.309518 
-0.120548 -0.012395 0.367995 -0.134889 -0.018990 0.303079 
-0.130283 -0.038135 0.355988 -0.140362 -0.035110 0.286845 
-0.177008 -0.019693 0.314267 -0.140266 -0.030196 0.284414 
-0.186997 0.024947 0.254999 -0.162047 0.010951 0.277039 
-0.193141 0.060725 0.248505 -0.167886 0.023948 0.277410 
-0.186696 0.017579 0.253217 -0.159848 0.006098 0.275681 
-0.193041 0.031471 0.242456 -0.155942 -0.002393 0.274235 
-0.193376 0.038177 0.241884 -0.156619 -0.000838 0.274540 
-0.193664 0.046385 0.243203 -0.161103 0.008951 0.276093 
-0.194429 0.004361 0.250401 -0.149301 -0.020975 0.269485 
-0.151223 -0.050806 0.329096 -0.144931 -0.038849 0.276424 
-0.140600 -0.049963 0.345171 -0.141706 -0.035322 0.282413 
-0.133850 -0.047684 0.354277 -0.139450 -0.031097 0.287530 
-0.093847 0.046393 0.379652 -0.128956 0.035551 0.336081 
-0.108790 0.070518 0.367075 -0.130145 0.047218 0.340444 
-0.123225 0.078335 0.345466 -0.131506 0.058105 0.342079 
-0.107744 0.100133 0.356204 -0.123555 0.125398 0.352493 
-0.140989 0.091166 0.327128 -0.152255 0.111972 0.325170 
-0.164674 0.100793 0.306303 -0.161180 0.109103 0.314957 
-0.153250 0.091716 0.313305 -0.158786 0.109689 0.317703 
-0.075618 0.075958 0.376023 -0.126760 0.064217 0.345864 
-0.084008 0.063252 0.378019 -0.127444 0.042724 0.338226 
-0.192307 -0.008951 0.269599 -0.145073 -0.025378 0.274600 
-0.160616 -0.060528 0.307562 -0.157117 -0.046421 0.265026 
-0.168692 -0.061542 0.295975 -0.153378 -0.044842 0.265393 
-0.193456 0.011374 0.254977 -0.149004 -0.017708 0.273362 
-0.192248 0.038355 0.245198 -0.155786 0.000352 0.277282 
-0.184005 0.048060 0.274675 -0.143669 0.002411 0.298205 
-0.187827 0.021663 0.282640 -0.142157 -0.008549 0.291920 
-0.182252 -0.009610 0.275143 -0.161857 0.000639 0.267066 
-0.193023 0.011360 0.259410 -0.146926 -0.017143 0.276846 
-0.173729 -0.049994 0.299149 -0.148445 -0.040955 0.270492 
-0.180249 -0.053100 0.277607 -0.151106 -0.042001 0.263533 
-0.174372 -0.052779 0.295677 -0.148977 -0.042188 0.269244 
-0.160895 -0.056567 0.314970 -0.147981 -0.042094 0.271671 
-0.126790 -0.038967 0.357757 -0.139129 -0.034331 0.289769 
-0.128636 0.035936 0.361373 -0.132878 0.008018 0.320903 
-0.119687 0.087176 0.348788 -0.128505 0.080528 0.349451 
-0.159119 0.076287 0.308893 -0.140797 0.042572 0.325171 
-0.174652 0.039731 0.285431 -0.145356 0.012297 0.302526 
-0.189828 0.015227 0.243594 -0.168622 0.003047 0.256243 
-0.188464 0.004655 0.243957 -0.175193 0.012118 0.252117 
-0.155258 0.079928 0.315564 -0.139164 0.053069 0.331739 
-0.124727 0.085343 0.343672 -0.129297 0.068750 0.346839 
-0.121885 0.058115 0.365391 -0.131501 0.028063 0.331904 
-0.128148 0.011642 0.363160 -0.133198 -0.009479 0.310315 
-0.190795 0.036210 0.249433 -0.152186 -0.004103 0.279745 
-0.191045 0.036852 0.246314 -0.162234 0.006359 0.271977 
-0.163860 0.016007 0.336809 -0.136942 -0.012799 0.302093 
-0.134960 -0.051307 0.350298 -0.141140 -0.033545 0.284640 
-0.215133 -0.013448 0.285960 -0.178800 -0.011245 0.288097 
-0.211313 0.034420 0.280882 -0.177275 0.016538 0.293818 
-0.154413 0.101667 0.323727 -0.160777 0.099060 0.325105 
-0.116815 0.107685 0.349849 -0.144920 0.133221 0.336452 
-0.094046 0.114988 0.363369 -0.131655 0.157487 0.341166 
-0.043916 0.103094 0.372887 -0.118761 0.178395 0.342740 
-0.069490 0.118934 0.372246 -0.116429 0.181881 0.342770 
-0.121662 -0.011064 0.384351 -0.157616 0.004635 0.326098 
-0.208716 0.040516 0.282896 -0.177370 0.022362 0.294465 
-0.216774 0.014389 0.277165 -0.179759 -0.000333 0.289270 
-0.214506 0.024531 0.277215 -0.178186 0.009127 0.291249 
-0.115289 0.114253 0.355032 -0.142335 0.139267 0.337753 
-0.111492 0.116417 0.356179 -0.142136 0.139662 0.337781 
-0.096016 0.093174 0.369923 -0.131506 0.084066 0.356686 
-0.120861 0.092889 0.377651 -0.139853 0.071487 0.348374 
-0.127439 0.089557 0.375436 -0.142574 0.069697 0.345311 
-0.179019 0.085216 0.302523 -0.178814 0.066500 0.300231 
-0.197493 0.068083 0.241364 -0.205960 0.047581 0.238033 
-0.215890 -0.012614 0.240934 -0.198643 -0.006423 0.247137 
-0.213624 0.027217 0.282795 -0.178587 0.010433 0.290820 
-0.218015 0.004499 0.261868 -0.186547 -0.002064 0.275562 
-0.193825 0.066834 0.294222 -0.178252 0.049538 0.298697 
-0.181015 0.086610 0.294907 -0.180398 0.071429 0.298234 
-0.176846 0.093232 0.289011 -0.182399 0.085524 0.296178 
-0.195987 0.069996 0.279371 -0.184776 0.048224 0.287235 
-0.208680 0.044620 0.254436 -0.194277 0.030128 0.263202 
-0.175059 -0.032072 0.302717 -0.196633 -0.027544 0.282221 
-0.130668 0.080531 0.334825 -0.166893 0.111481 0.317558 
-0.116633 0.109109 0.355483 -0.142526 0.119909 0.341772 
-0.088374 0.110842 0.372471 -0.129866 0.125929 0.352527 
-0.079739 0.116779 0.370992 -0.119166 0.166067 0.348521 
-0.076334 0.118695 0.370438 -0.114700 0.179805 0.345387 
-0.086884 0.153501 0.376305 -0.113687 0.182521 0.344694 
-0.140850 0.162499 0.335556 -0.113487 0.183080 0.344544 
-0.082569 0.157184 0.376445 -0.108706 0.186318 0.346595 
-0.209781 0.042794 0.267771 -0.186090 0.022557 0.279723 
-0.201779 0.062404 0.233552 -0.214124 0.055742 0.206512 
-0.197107 0.063128 0.234808 -0.217108 0.077405 0.197526 
-0.110575 0.119697 0.356278 -0.154782 0.163865 0.315339 
-0.046623 0.102271 0.373431 -0.130130 0.174457 0.334931 
-0.078664 0.154162 0.379832 -0.108011 0.186749 0.347020 
-0.047409 0.096693 0.373942 -0.116006 0.144349 0.355199 
-0.089466 0.088270 0.361501 -0.133753 0.128342 0.342477 
-0.146748 0.106705 0.328231 -0.153708 0.120746 0.323640 
-0.164435 0.107473 0.308005 -0.173045 0.116144 0.300572 
-0.152312 0.076731 0.311679 -0.159276 0.086881 0.317108 
-0.064347 0.086026 0.375216 -0.124695 0.105012 0.354160 
-0.042021 0.098829 0.373581 -0.101365 0.181647 0.352036 
-0.070825 0.102727 0.367476 -0.110897 0.175843 0.346869 
-0.079543 0.111684 0.368461 -0.103237 0.181849 0.350247 
-0.136899 0.107748 0.336672 -0.142945 0.128542 0.333682 
-0.052324 0.093367 0.374801 -0.118690 0.128878 0.356784 
-0.180267 -0.056193 0.280768 -0.163954 -0.039467 0.266872 
-0.162742 -0.071991 0.307833 -0.173023 -0.045895 0.262727 
-0.160933 -0.073028 0.310257 -0.170193 -0.045010 0.262902 
-0.179744 -0.058687 0.280877 -0.163090 -0.041118 0.263852 
-0.194659 -0.028237 0.260862 -0.156177 -0.029896 0.266916 
-0.197129 -0.006311 0.255269 -0.155950 -0.019405 0.269643 
-0.196979 -0.000770 0.251004 -0.157219 -0.018078 0.267540 
-0.187739 -0.048139 0.265055 -0.161858 -0.037618 0.261288 
-0.168610 -0.073230 0.303070 -0.168393 -0.043623 0.260291 
-0.196260 -0.017730 0.253577 -0.158476 -0.024239 0.263709 
-0.153041 0.090683 0.319566 -0.142503 0.081721 0.335104 
-0.093245 0.094621 0.359366 -0.123918 0.134331 0.350411 
-0.194962 -0.009752 0.275566 -0.150396 -0.023889 0.280764 
-0.192508 -0.020938 0.283666 -0.150110 -0.030472 0.279175 
-0.195337 -0.011048 0.272288 -0.151228 -0.023053 0.276965 
-0.198420 0.068649 0.240332 -0.195273 0.047793 0.242103 
-0.197493 0.071255 0.239899 -0.195394 0.048110 0.241921 
-0.188605 0.070138 0.253006 -0.193562 0.066268 0.257613 
-0.105280 0.092058 0.352228 -0.140520 0.139776 0.333837 
-0.112544 0.107278 0.354603 -0.131350 0.145861 0.340654 
-0.082599 0.096152 0.362750 -0.122054 0.151378 0.347353 
-0.113581 0.070080 0.362339 -0.131027 0.039019 0.338635 
-0.157939 -0.060480 0.311414 -0.168653 -0.043711 0.270687 
-0.195894 -0.005106 0.269871 -0.151659 -0.020330 0.278684 
-0.188572 0.027656 0.288978 -0.146261 -0.005102 0.295226 
-0.183660 0.030277 0.301726 -0.143993 -0.002236 0.300340 
-0.150865 0.036049 0.353879 -0.135986 0.004457 0.318206 
-0.120358 0.047061 0.363359 -0.130848 0.017954 0.329840 
-0.134247 -0.069802 0.339505 -0.161817 -0.042533 0.275270 
-0.161501 -0.066827 0.295201 -0.174817 -0.046417 0.262269 
-0.192381 -0.037531 0.258022 -0.159741 -0.032539 0.260802 
-0.193079 -0.035143 0.254284 -0.159276 -0.032058 0.260870 
-0.177993 -0.057977 0.283793 -0.163356 -0.041892 0.265763 
-0.162351 -0.044351 0.x`311328 -0.161913 -0.043555 0.273693
-0.150430 -0.056468 0.329537 -0.156295 -0.040267 0.276966 
-0.177860 0.072242 0.282710 -0.152254 0.039718 0.312922 
-0.163526 0.066843 0.298479 -0.154236 0.057302 0.316286 
-0.156008 0.104718 0.318867 -0.159044 0.121226 0.317579 
-0.188736 0.085074 0.262459 -0.186527 0.065319 0.272935 
-0.182038 0.084200 0.274237 -0.166306 0.061186 0.303261 
-0.129081 0.089382 0.340299 -0.133057 0.072495 0.344795 
-0.069649 0.081992 0.376845 -0.124391 0.085696 0.353979 
